{
    "animation": [
        {
            "name": "Root",
            "time": [0.0, 1.0],
            "transform": [
                [0.995129, -0.093879, 0.030067, -5e-06, 0.076162, 0.538563, -0.839136, 0.272294, 0.062584, 0.837339, 0.54309, 0.360598, 0.0, 0.0, 0.0, 1.0],
                [0.995129, -0.093879, 0.030067, -5e-06, 0.076162, 0.538563, -0.839136, 0.272294, 0.062584, 0.837339, 0.54309, 0.360598, 0.0, 0.0, 0.0, 1.0]
            ]
        },
        {
            "name": "Thigh_R",
            "time": [0.0, 1.0],
            "transform": [
                [0.746463, 0.639331, -0.184517, 0.124994, 0.165653, 0.090021, 0.982067, -0.002831, 0.644477, -0.763642, -0.03871, -1.2e-05, 0.0, 0.0, 0.0, 1.0],
                [0.746463, 0.639331, -0.184517, 0.124994, 0.165653, 0.090021, 0.982067, -0.002831, 0.644477, -0.763642, -0.03871, -1.2e-05, 0.0, 0.0, 0.0, 1.0]
            ]
        },
        {
            "name": "Leg_R",
            "time": [0.0, 1.0],
            "transform": [
                [1.0, -1e-06, 1e-06, 0.0, -0.0, 0.475555, 0.879686, 0.374726, -1e-06, -0.879687, 0.475552, 0.0, 0.0, 0.0, 0.0, 1.0],
                [1.0, -1e-06, 1e-06, 0.0, -0.0, 0.475555, 0.879686, 0.374726, -1e-06, -0.879687, 0.475552, 0.0, 0.0, 0.0, 0.0, 1.0]
            ]
        },
        {
            "name": "Knee_R",
            "time": [0.0, 1.0],
            "transform": [
                [1.0, 0.0, -0.0, -0.0, -0.0, 0.00567, -0.999984, 0.431476, -0.0, 0.999984, 0.00567, -0.000322, 0.0, 0.0, 0.0, 1.0],
                [1.0, 0.0, -0.0, -0.0, -0.0, 0.00567, -0.999984, 0.431476, -0.0, 0.999984, 0.00567, -0.000322, 0.0, 0.0, 0.0, 1.0]
            ]
        },
        {
            "name": "Thigh_L",
            "time": [0.0, 1.0],
            "transform": [
                [0.863819, -0.437947, -0.249034, -0.125006, -0.23807, -0.790477, 0.56433, -0.002831, -0.444003, -0.428191, -0.787092, -1.2e-05, 0.0, 0.0, 0.0, 1.0],
                [0.863819, -0.437947, -0.249034, -0.125006, -0.23807, -0.790477, 0.56433, -0.002831, -0.444003, -0.428191, -0.787092, -1.2e-05, 0.0, 0.0, 0.0, 1.0]
            ]
        },
        {
            "name": "Leg_L",
            "time": [0.0, 1.0],
            "transform": [
                [1.0, -1e-06, 0.0, 0.0, -0.0, -0.050646, 0.998717, 0.374726, -1e-06, -0.998716, -0.050646, 0.0, 0.0, 0.0, 0.0, 1.0],
                [1.0, -1e-06, 0.0, 0.0, -0.0, -0.050646, 0.998717, 0.374726, -1e-06, -0.998716, -0.050646, 0.0, 0.0, 0.0, 0.0, 1.0]
            ]
        },
        {
            "name": "Knee_L",
            "time": [0.0, 1.0],
            "transform": [
                [1.0, 0.0, -0.0, 0.0, -0.0, 0.00567, -0.999984, 0.484724, -0.0, 0.999984, 0.00567, -0.000624, 0.0, 0.0, 0.0, 1.0],
                [1.0, 0.0, -0.0, 0.0, -0.0, 0.00567, -0.999984, 0.484724, -0.0, 0.999984, 0.00567, -0.000624, 0.0, 0.0, 0.0, 1.0]
            ]
        },
        {
            "name": "Torso",
            "time": [0.0, 1.0],
            "transform": [
                [1.0, 0.0, 0.0, -0.0, 0.0, 1.0, -0.0, 0.05, -0.0, 0.0, 1.0, -0.0, 0.0, 0.0, 0.0, 1.0],
                [1.0, 0.0, 0.0, -0.0, 0.0, 1.0, -0.0, 0.05, -0.0, 0.0, 1.0, -0.0, 0.0, 0.0, 0.0, 1.0]
            ]
        },
        {
            "name": "Chest",
            "time": [0.0, 1.0],
            "transform": [
                [0.995881, 0.087601, 0.023374, 0.0, -0.067051, 0.538067, 0.840231, 0.3, 0.061028, -0.838338, 0.541725, -0.0, 0.0, 0.0, 0.0, 1.0],
                [0.995881, 0.087601, 0.023374, 0.0, -0.067051, 0.538067, 0.840231, 0.3, 0.061028, -0.838338, 0.541725, -0.0, 0.0, 0.0, 0.0, 1.0]
            ]
        },
        {
            "name": "Head",
            "time": [0.0, 1.0],
            "transform": [
                [0.988177, -0.110888, 0.105874, 0.0, 0.134735, 0.298577, -0.944827, 0.4, 0.073158, 0.947922, 0.309987, -0.0, 0.0, 0.0, 0.0, 1.0],
                [0.988177, -0.110888, 0.105874, 0.0, 0.134735, 0.298577, -0.944827, 0.4, 0.073158, 0.947922, 0.309987, -0.0, 0.0, 0.0, 0.0, 1.0]
            ]
        },
        {
            "name": "Shoulder_R",
            "time": [0.0, 1.0],
            "transform": [
                [0.0, 0.952114, 0.305743, 0.0, 0.0, -0.305743, 0.952114, 0.4, 1.0, -0.0, -0.0, -0.0, 0.0, 0.0, 0.0, 1.0],
                [0.0, 0.952114, 0.305743, 0.0, 0.0, -0.305743, 0.952114, 0.4, 1.0, -0.0, -0.0, -0.0, 0.0, 0.0, 0.0, 1.0]
            ]
        },
        {
            "name": "Arm_R",
            "time": [0.0, 1.0],
            "transform": [
                [0.130791, 0.1881, -0.973402, 0.0, -0.942955, -0.279595, -0.180729, 0.39386, -0.306154, 0.941512, 0.140802, 0.0, 0.0, 0.0, 0.0, 1.0],
                [0.130791, 0.1881, -0.973402, 0.0, -0.942955, -0.279595, -0.180729, 0.39386, -0.306154, 0.941512, 0.140802, 0.0, 0.0, 0.0, 0.0, 1.0]
            ]
        },
        {
            "name": "Hand_R",
            "time": [0.0, 1.0],
            "transform": [
                [1.0, -0.0, 0.0, -0.0, 0.0, 0.999999, -0.001014, 0.300002, -0.0, 0.001014, 0.999999, 0.0, 0.0, 0.0, 0.0, 1.0],
                [1.0, -0.0, 0.0, -0.0, 0.0, 0.999999, -0.001014, 0.300002, -0.0, 0.001014, 0.999999, 0.0, 0.0, 0.0, 0.0, 1.0]
            ]
        },
        {
            "name": "Tool_R",
            "time": [0.0, 1.0],
            "transform": [
                [0.925874, -0.377719, -0.009294, -0.034991, 0.0116, 0.003829, 0.999926, 0.950901, -0.377655, -0.925913, 0.007926, -0.057736, 0.0, 0.0, 0.0, 1.0],
                [0.925874, -0.377719, -0.009294, -0.034991, 0.0116, 0.003829, 0.999926, 0.950901, -0.377655, -0.925913, 0.007926, -0.057736, 0.0, 0.0, 0.0, 1.0]
            ]
        },
        {
            "name": "Elbow_R",
            "time": [0.0, 1.0],
            "transform": [
                [-1.0, 0.0, -0.0, 0.0, 0.0, 0.003946, -0.999992, 0.300007, -0.0, -0.999992, -0.003946, -0.001252, 0.0, 0.0, 0.0, 1.0],
                [-1.0, 0.0, -0.0, 0.0, 0.0, 0.003946, -0.999992, 0.300007, -0.0, -0.999992, -0.003946, -0.001252, 0.0, 0.0, 0.0, 1.0]
            ]
        },
        {
            "name": "Shoulder_L",
            "time": [0.0, 1.0],
            "transform": [
                [-0.0, -0.952114, -0.305743, 0.0, 0.0, -0.305743, 0.952114, 0.4, -1.0, 0.0, 0.0, -0.0, 0.0, 0.0, 0.0, 1.0],
                [-0.0, -0.952114, -0.305743, 0.0, 0.0, -0.305743, 0.952114, 0.4, -1.0, 0.0, 0.0, -0.0, 0.0, 0.0, 0.0, 1.0]
            ]
        },
        {
            "name": "Arm_L",
            "time": [0.0, 1.0],
            "transform": [
                [-0.076995, 0.990702, -0.112158, -0.0, -0.97158, -0.099808, -0.21464, 0.39386, -0.223839, 0.092444, 0.970232, -0.0, 0.0, 0.0, 0.0, 1.0],
                [-0.076995, 0.990702, -0.112158, -0.0, -0.97158, -0.099808, -0.21464, 0.39386, -0.223839, 0.092444, 0.970232, -0.0, 0.0, 0.0, 0.0, 1.0]
            ]
        },
        {
            "name": "Hand_L",
            "time": [0.0, 1.0],
            "transform": [
                [1.0, 0.0, 0.0, 0.0, -0.0, 0.999999, -0.001001, 0.300003, -0.0, 0.001001, 0.999999, 0.0, 0.0, 0.0, 0.0, 1.0],
                [1.0, 0.0, 0.0, 0.0, -0.0, 0.999999, -0.001001, 0.300003, -0.0, 0.001001, 0.999999, 0.0, 0.0, 0.0, 0.0, 1.0]
            ]
        },
        {
            "name": "Tool_L",
            "time": [0.0, 1.0],
            "transform": [
                [0.991378, -0.098666, -0.086228, -0.063946, 0.096063, 0.09969, 0.990372, 0.802825, -0.089119, -0.990114, 0.108309, 0.137174, 0.0, 0.0, 0.0, 1.0],
                [0.991378, -0.098666, -0.086228, -0.063946, 0.096063, 0.09969, 0.990372, 0.802825, -0.089119, -0.990114, 0.108309, 0.137174, 0.0, 0.0, 0.0, 1.0]
            ]
        },
        {
            "name": "Elbow_L",
            "time": [0.0, 1.0],
            "transform": [
                [-1.0, 0.0, -0.0, 0.0, 0.0, 0.003946, -0.999993, 0.300007, -0.0, -0.999993, -0.003946, -0.001252, 0.0, 0.0, 0.0, 1.0],
                [-1.0, 0.0, -0.0, 0.0, 0.0, 0.003946, -0.999993, 0.300007, -0.0, -0.999993, -0.003946, -0.001252, 0.0, 0.0, 0.0, 1.0]
            ]
        }
    ]
}