{
    "animation": [
        {
            "name": "Root",
            "time": [0.0, 1.0],
            "transform": [
                [0.990204, 0.131975, 0.045585, -5e-06, 0.135182, -0.987869, -0.076425, 0.000946, 0.034946, 0.081838, -0.996033, 1.294935, 0.0, 0.0, 0.0, 1.0],
                [0.990204, 0.131975, 0.045585, -5e-06, 0.135182, -0.987869, -0.076425, 0.000946, 0.034946, 0.081838, -0.996033, 1.294935, 0.0, 0.0, 0.0, 1.0]
            ]
        },
        {
            "name": "Thigh_R",
            "time": [0.0, 1.0],
            "transform": [
                [-0.924957, 0.22591, -0.305646, 0.124994, -0.355363, -0.799263, 0.484659, -0.002831, -0.134802, 0.556902, 0.819565, -1.2e-05, 0.0, 0.0, 0.0, 1.0],
                [-0.924957, 0.22591, -0.305646, 0.124994, -0.355363, -0.799263, 0.484659, -0.002831, -0.134802, 0.556902, 0.819565, -1.2e-05, 0.0, 0.0, 0.0, 1.0]
            ]
        },
        {
            "name": "Leg_R",
            "time": [0.0, 1.0],
            "transform": [
                [1.0, -0.0, 1e-06, -0.0, 0.0, 0.999991, 0.004916, 0.374726, -1e-06, -0.004916, 0.999985, -0.0, 0.0, 0.0, 0.0, 1.0],
                [1.0, -0.0, 1e-06, -0.0, 0.0, 0.999991, 0.004916, 0.374726, -1e-06, -0.004916, 0.999985, -0.0, 0.0, 0.0, 0.0, 1.0]
            ]
        },
        {
            "name": "Knee_R",
            "time": [0.0, 1.0],
            "transform": [
                [1.0, 0.0, -0.0, -0.0, -0.0, 0.00567, -0.999984, 0.374726, -0.0, 0.999984, 0.00567, -0.0, 0.0, 0.0, 0.0, 1.0],
                [1.0, 0.0, -0.0, -0.0, -0.0, 0.00567, -0.999984, 0.374726, -0.0, 0.999984, 0.00567, -0.0, 0.0, 0.0, 0.0, 1.0]
            ]
        },
        {
            "name": "Thigh_L",
            "time": [0.0, 1.0],
            "transform": [
                [-0.984456, -0.095119, 0.147644, -0.125006, 0.155336, -0.863839, 0.47922, -0.002831, 0.081957, 0.494705, 0.865187, -1.2e-05, 0.0, 0.0, 0.0, 1.0],
                [-0.984456, -0.095119, 0.147644, -0.125006, 0.155336, -0.863839, 0.47922, -0.002831, 0.081957, 0.494705, 0.865187, -1.2e-05, 0.0, 0.0, 0.0, 1.0]
            ]
        },
        {
            "name": "Leg_L",
            "time": [0.0, 1.0],
            "transform": [
                [1.0, 0.0, 1e-06, -0.0, -0.0, 0.999988, 0.004997, 0.374726, -1e-06, -0.004997, 0.999987, 0.0, 0.0, 0.0, 0.0, 1.0],
                [1.0, 0.0, 1e-06, -0.0, -0.0, 0.999988, 0.004997, 0.374726, -1e-06, -0.004997, 0.999987, 0.0, 0.0, 0.0, 0.0, 1.0]
            ]
        },
        {
            "name": "Knee_L",
            "time": [0.0, 1.0],
            "transform": [
                [1.0, 0.0, -0.0, 0.0, -0.0, 0.00567, -0.999984, 0.374726, -0.0, 0.999984, 0.00567, 0.0, 0.0, 0.0, 0.0, 1.0],
                [1.0, 0.0, -0.0, 0.0, -0.0, 0.00567, -0.999984, 0.374726, -0.0, 0.999984, 0.00567, 0.0, 0.0, 0.0, 0.0, 1.0]
            ]
        },
        {
            "name": "Torso",
            "time": [0.0, 1.0],
            "transform": [
                [1.0, -0.0, -0.0, 0.0, -0.0, 1.0, 0.0, 0.05, -0.0, 0.0, 1.0, -0.0, 0.0, 0.0, 0.0, 1.0],
                [1.0, -0.0, -0.0, 0.0, -0.0, 1.0, 0.0, 0.05, -0.0, 0.0, 1.0, -0.0, 0.0, 0.0, 0.0, 1.0]
            ]
        },
        {
            "name": "Chest",
            "time": [0.0, 1.0],
            "transform": [
                [0.997014, 0.076567, -0.010016, 0.0, -0.063136, 0.733612, -0.676629, 0.3, -0.044459, 0.675241, 0.736256, -0.0, 0.0, 0.0, 0.0, 1.0],
                [0.997014, 0.076567, -0.010016, 0.0, -0.063136, 0.733612, -0.676629, 0.3, -0.044459, 0.675241, 0.736256, -0.0, 0.0, 0.0, 0.0, 1.0]
            ]
        },
        {
            "name": "Head",
            "time": [0.0, 1.0],
            "transform": [
                [1.0, 0.0, -0.0, -0.0, -0.0, 1.0, 0.0, 0.4, 0.0, 0.0, 1.0, 0.0, 0.0, 0.0, 0.0, 1.0],
                [1.0, 0.0, -0.0, -0.0, -0.0, 1.0, 0.0, 0.4, 0.0, 0.0, 1.0, 0.0, 0.0, 0.0, 0.0, 1.0]
            ]
        },
        {
            "name": "Shoulder_R",
            "time": [0.0, 1.0],
            "transform": [
                [0.0, 0.952114, 0.305743, -0.0, 0.0, -0.305743, 0.952114, 0.4, 1.0, -0.0, -0.0, 0.0, 0.0, 0.0, 0.0, 1.0],
                [0.0, 0.952114, 0.305743, -0.0, 0.0, -0.305743, 0.952114, 0.4, 1.0, -0.0, -0.0, 0.0, 0.0, 0.0, 0.0, 1.0]
            ]
        },
        {
            "name": "Arm_R",
            "time": [0.0, 1.0],
            "transform": [
                [-0.228145, 0.95858, -0.170511, 0.0, -0.897664, -0.139277, 0.418093, 0.393861, 0.377027, 0.248448, 0.892258, 0.0, 0.0, 0.0, 0.0, 1.0],
                [-0.228145, 0.95858, -0.170511, 0.0, -0.897664, -0.139277, 0.418093, 0.393861, 0.377027, 0.248448, 0.892258, 0.0, 0.0, 0.0, 0.0, 1.0]
            ]
        },
        {
            "name": "Hand_R",
            "time": [0.0, 1.0],
            "transform": [
                [1.0, 0.0, 0.0, -0.0, 0.0, 1.0, -0.001014, 0.300002, -0.0, 0.001014, 1.0, -0.0, 0.0, 0.0, 0.0, 1.0],
                [1.0, 0.0, 0.0, -0.0, 0.0, 1.0, -0.001014, 0.300002, -0.0, 0.001014, 1.0, -0.0, 0.0, 0.0, 0.0, 1.0]
            ]
        },
        {
            "name": "Tool_R",
            "time": [0.0, 1.0],
            "transform": [
                [-0.351939, -0.532096, 0.770074, -0.0, 0.554724, -0.781231, -0.286286, 0.271711, 0.753936, 0.326424, 0.570113, -0.028915, 0.0, 0.0, 0.0, 1.0],
                [-0.351939, -0.532096, 0.770074, -0.0, 0.554724, -0.781231, -0.286286, 0.271711, 0.753936, 0.326424, 0.570113, -0.028915, 0.0, 0.0, 0.0, 1.0]
            ]
        },
        {
            "name": "Elbow_R",
            "time": [0.0, 1.0],
            "transform": [
                [-1.0, 0.0, -0.0, 0.0, -0.0, 0.003946, -0.999992, 0.300007, -0.0, -0.999992, -0.003946, -0.001252, 0.0, 0.0, 0.0, 1.0],
                [-1.0, 0.0, -0.0, 0.0, -0.0, 0.003946, -0.999992, 0.300007, -0.0, -0.999992, -0.003946, -0.001252, 0.0, 0.0, 0.0, 1.0]
            ]
        },
        {
            "name": "Shoulder_L",
            "time": [0.0, 1.0],
            "transform": [
                [-0.0, -0.952114, -0.305743, -0.0, 0.0, -0.305743, 0.952114, 0.4, -1.0, -0.0, 0.0, 0.0, 0.0, 0.0, 0.0, 1.0],
                [-0.0, -0.952114, -0.305743, -0.0, 0.0, -0.305743, 0.952114, 0.4, -1.0, -0.0, 0.0, 0.0, 0.0, 0.0, 0.0, 1.0]
            ]
        },
        {
            "name": "Arm_L",
            "time": [0.0, 1.0],
            "transform": [
                [0.092837, -0.981789, 0.165741, -0.0, 0.859015, -0.005192, -0.511923, 0.39386, 0.503462, 0.189899, 0.84289, 0.0, 0.0, 0.0, 0.0, 1.0],
                [0.092837, -0.981789, 0.165741, -0.0, 0.859015, -0.005192, -0.511923, 0.39386, 0.503462, 0.189899, 0.84289, 0.0, 0.0, 0.0, 0.0, 1.0]
            ]
        },
        {
            "name": "Hand_L",
            "time": [0.0, 1.0],
            "transform": [
                [1.0, 0.0, -0.0, -0.0, -0.0, 0.999999, -0.001014, 0.300003, -0.0, 0.001014, 0.999999, -0.0, 0.0, 0.0, 0.0, 1.0],
                [1.0, 0.0, -0.0, -0.0, -0.0, 0.999999, -0.001014, 0.300003, -0.0, 0.001014, 0.999999, -0.0, 0.0, 0.0, 0.0, 1.0]
            ]
        },
        {
            "name": "Tool_L",
            "time": [0.0, 1.0],
            "transform": [
                [0.091454, -0.918897, 0.383749, 0.0, 0.929886, -0.059078, -0.363074, 0.271711, 0.356299, 0.390046, 0.849067, -0.028915, 0.0, 0.0, 0.0, 1.0],
                [0.091454, -0.918897, 0.383749, 0.0, 0.929886, -0.059078, -0.363074, 0.271711, 0.356299, 0.390046, 0.849067, -0.028915, 0.0, 0.0, 0.0, 1.0]
            ]
        },
        {
            "name": "Elbow_L",
            "time": [0.0, 1.0],
            "transform": [
                [-1.0, 0.0, -0.0, -0.0, 0.0, 0.003946, -0.999992, 0.300007, -0.0, -0.999993, -0.003946, -0.001252, 0.0, 0.0, 0.0, 1.0],
                [-1.0, 0.0, -0.0, -0.0, 0.0, 0.003946, -0.999992, 0.300007, -0.0, -0.999993, -0.003946, -0.001252, 0.0, 0.0, 0.0, 1.0]
            ]
        }
    ]
}