{
    "animation": [
        {
            "name": "Root",
            "time": [0.0, 0.0167, 0.0333, 0.05, 0.0667, 0.0833, 0.1, 0.1167, 0.1333, 0.15, 0.1667, 0.1833, 0.2, 0.2167, 0.2333, 0.25, 0.2667, 0.2833, 0.3, 0.3167, 0.3333, 0.35, 0.3667, 0.3833, 0.4, 0.4167, 0.4333, 0.45, 0.4667, 0.4833, 0.5, 0.5167, 0.5333, 0.55, 0.5667, 0.5833, 0.6, 0.6167, 0.6333, 0.65, 0.6667, 0.6833, 0.7, 0.7167, 0.7333, 0.75, 0.7667, 0.7833, 0.8, 0.8167, 0.8333, 0.85, 0.8667, 0.8833, 0.9, 0.9167, 0.9333, 0.95, 0.9667, 0.9833, 1.0, 1.0167, 1.0333, 1.05, 1.0667, 1.0833, 1.1, 1.1167, 1.1333, 1.15, 1.1667, 1.1833, 1.2, 1.2167, 1.2333, 1.25, 1.2667, 1.2833, 1.3, 1.3167, 1.3333, 1.35, 1.3667, 1.3833, 1.4, 1.4167, 1.4333, 1.45, 1.4667, 1.4833, 1.5, 1.5167, 1.5333, 1.55, 1.5667, 1.5833, 1.6, 1.6167, 1.6333, 1.65, 1.6667, 1.6833, 1.7, 1.7167, 1.7333, 1.75, 1.7667, 1.7833, 1.8, 1.8167, 1.8333, 1.85, 1.8667, 1.8833, 1.9, 1.9167, 1.9333, 1.95, 1.9667, 1.9833, 2.0, 2.0167, 2.0333, 2.05, 2.0667, 2.0833, 2.1, 2.1167, 2.1333, 2.15, 2.1667, 2.1833, 2.2, 2.2167, 2.2333, 2.25, 2.2667, 2.2833, 2.3, 2.3167, 2.3333, 2.35, 2.3667, 2.3833, 2.4, 2.4167, 2.4333, 2.45, 2.4667, 2.4833, 2.5, 2.5167, 2.5333, 2.55, 2.5667, 2.5833, 2.6, 2.6167, 2.6333, 2.65, 2.6667, 2.6833, 2.7, 2.7167, 2.7333, 2.75, 2.7667, 2.7833, 2.8, 2.8167, 2.8333, 2.85, 2.8667, 2.8833, 2.9, 2.9167, 2.9333, 2.95, 2.9667, 2.9833, 3.0, 3.0167, 3.0333, 3.05, 3.0667, 3.0833, 3.1, 3.1167, 3.1333, 3.15, 3.1667, 3.1833, 3.2, 3.2167, 3.2333, 3.25, 3.2667, 3.2833, 3.3, 3.3167, 3.3333, 3.35, 3.3667, 3.3833, 3.4, 3.4167, 3.4333, 3.45, 3.4667, 3.4833, 3.5, 3.5167, 3.5333, 3.55, 3.5667, 3.5833, 3.6, 3.6167, 3.6333, 3.65, 3.6667, 3.6833, 3.7, 3.7167, 3.7333, 3.75, 3.7667, 3.7833, 3.8, 3.8167, 3.8333, 3.85, 3.8667, 3.8833, 3.9, 3.9167, 3.9333, 3.95, 3.9667, 3.9833, 4.0, 4.0167, 4.0333, 4.05, 4.0667, 4.0833, 4.1, 4.1167, 4.1333, 4.15, 4.1667, 4.1833, 4.2, 4.2167, 4.2333, 4.25, 4.2667, 4.2833, 4.3, 4.3167, 4.3333, 4.35, 4.3667, 4.3833, 4.4, 4.4167, 4.4333, 4.45, 4.4667, 4.4833, 4.5, 4.5167, 4.5333, 4.55, 4.5667, 4.5833, 4.6, 4.6167, 4.6333, 4.65, 4.6667, 4.6833, 4.7, 4.7167, 4.7333, 4.75, 4.7667, 4.7833, 4.8, 4.8167, 4.8333, 4.85, 4.8667, 4.8833, 4.9, 4.9167, 4.9333, 4.95, 4.9667, 4.9833, 5.0, 5.0167, 5.0333, 5.05, 5.0667, 5.0833, 5.1, 5.1167, 5.1333, 5.15, 5.1667],
            "transform": [
                [0.818723, -0.066197, -0.57036, -0.361824, -0.573487, -0.045178, -0.817968, 1.092741, 0.028379, 0.996783, -0.074952, 0.702679, 0.0, 0.0, 0.0, 1.0],
                [0.818723, -0.066197, -0.57036, -0.361824, -0.573487, -0.045178, -0.817968, 1.092741, 0.028379, 0.996783, -0.074952, 0.702679, 0.0, 0.0, 0.0, 1.0],
                [0.818723, -0.066197, -0.57036, -0.361824, -0.573487, -0.045178, -0.817968, 1.092741, 0.028379, 0.996783, -0.074952, 0.702679, 0.0, 0.0, 0.0, 1.0],
                [0.818723, -0.066197, -0.57036, -0.361824, -0.573487, -0.045178, -0.817968, 1.092741, 0.028379, 0.996783, -0.074952, 0.702679, 0.0, 0.0, 0.0, 1.0],
                [0.818723, -0.066197, -0.57036, -0.361824, -0.573487, -0.045178, -0.817968, 1.092741, 0.028379, 0.996783, -0.074952, 0.702679, 0.0, 0.0, 0.0, 1.0],
                [0.818723, -0.066197, -0.57036, -0.361824, -0.573487, -0.045178, -0.817968, 1.092741, 0.028379, 0.996783, -0.074952, 0.702679, 0.0, 0.0, 0.0, 1.0],
                [0.818723, -0.066197, -0.57036, -0.361824, -0.573487, -0.045178, -0.817968, 1.092741, 0.028379, 0.996783, -0.074952, 0.702679, 0.0, 0.0, 0.0, 1.0],
                [0.818723, -0.066197, -0.57036, -0.361824, -0.573487, -0.045178, -0.817968, 1.092741, 0.028379, 0.996783, -0.074952, 0.702679, 0.0, 0.0, 0.0, 1.0],
                [0.818723, -0.066197, -0.57036, -0.361824, -0.573487, -0.045178, -0.817968, 1.092741, 0.028379, 0.996783, -0.074952, 0.702679, 0.0, 0.0, 0.0, 1.0],
                [0.818723, -0.066197, -0.57036, -0.361824, -0.573487, -0.045178, -0.817968, 1.092741, 0.028379, 0.996783, -0.074952, 0.702679, 0.0, 0.0, 0.0, 1.0],
                [0.818723, -0.066197, -0.57036, -0.361824, -0.573487, -0.045178, -0.817968, 1.092741, 0.028379, 0.996783, -0.074952, 0.702679, 0.0, 0.0, 0.0, 1.0],
                [0.818723, -0.066197, -0.57036, -0.361824, -0.573487, -0.045178, -0.817968, 1.092741, 0.028379, 0.996783, -0.074952, 0.702679, 0.0, 0.0, 0.0, 1.0],
                [0.818723, -0.066197, -0.57036, -0.361824, -0.573487, -0.045178, -0.817968, 1.092741, 0.028379, 0.996783, -0.074952, 0.702679, 0.0, 0.0, 0.0, 1.0],
                [0.818723, -0.066197, -0.57036, -0.361824, -0.573487, -0.045178, -0.817968, 1.092741, 0.028379, 0.996783, -0.074952, 0.702679, 0.0, 0.0, 0.0, 1.0],
                [0.818723, -0.066197, -0.57036, -0.361824, -0.573487, -0.045178, -0.817968, 1.092741, 0.028379, 0.996783, -0.074952, 0.702679, 0.0, 0.0, 0.0, 1.0],
                [0.818723, -0.066197, -0.57036, -0.361824, -0.573487, -0.045178, -0.817968, 1.092741, 0.028379, 0.996783, -0.074952, 0.702679, 0.0, 0.0, 0.0, 1.0],
                [0.818723, -0.066197, -0.57036, -0.361824, -0.573487, -0.045178, -0.817968, 1.092741, 0.028379, 0.996783, -0.074952, 0.702679, 0.0, 0.0, 0.0, 1.0],
                [0.818723, -0.066197, -0.57036, -0.361824, -0.573487, -0.045178, -0.817968, 1.092741, 0.028379, 0.996783, -0.074952, 0.702679, 0.0, 0.0, 0.0, 1.0],
                [0.818723, -0.066197, -0.57036, -0.361824, -0.573487, -0.045178, -0.817968, 1.092741, 0.028379, 0.996783, -0.074952, 0.702679, 0.0, 0.0, 0.0, 1.0],
                [0.883968, -0.028567, -0.466675, -0.292129, -0.463525, -0.184202, -0.866726, 1.047716, -0.061202, 0.982473, -0.17607, 0.711684, 0.0, 0.0, 0.0, 1.0],
                [0.966772, 0.116969, -0.227309, -0.131194, -0.149639, -0.461999, -0.874165, 0.943967, -0.207267, 0.879133, -0.429144, 0.732382, 0.0, 0.0, 0.0, 1.0],
                [0.964203, 0.132891, -0.229463, -0.041513, -0.139459, -0.48187, -0.865074, 0.906076, -0.225532, 0.866107, -0.446088, 0.737046, 0.0, 0.0, 0.0, 1.0],
                [0.936594, 0.054505, -0.346152, -0.041711, -0.302324, -0.373783, -0.876862, 0.919554, -0.17718, 0.925913, -0.333605, 0.729753, 0.0, 0.0, 0.0, 1.0],
                [0.929644, 0.031715, -0.367091, -0.035373, -0.333176, -0.353081, -0.874258, 0.912603, -0.15734, 0.935055, -0.317673, 0.727282, 0.0, 0.0, 0.0, 1.0],
                [0.924338, -0.029818, -0.380407, -0.020545, -0.368524, -0.328255, -0.869735, 0.876938, -0.098936, 0.944118, -0.314407, 0.719268, 0.0, 0.0, 0.0, 1.0],
                [0.926346, -0.045587, -0.373905, -0.0168, -0.367942, -0.322008, -0.872312, 0.865962, -0.080635, 0.945639, -0.315064, 0.716431, 0.0, 0.0, 0.0, 1.0],
                [0.935971, -0.071424, -0.344756, -0.011109, -0.349068, -0.316009, -0.882208, 0.84368, -0.045935, 0.946064, -0.320707, 0.710506, 0.0, 0.0, 0.0, 1.0],
                [0.947552, -0.10131, -0.303121, -0.006109, -0.3196, -0.304298, -0.897362, 0.810308, -0.001327, 0.947174, -0.320716, 0.701162, 0.0, 0.0, 0.0, 1.0],
                [0.954036, -0.114716, -0.276867, -0.004859, -0.298845, -0.294794, -0.907628, 0.788349, 0.022501, 0.94865, -0.315527, 0.694674, 0.0, 0.0, 0.0, 1.0],
                [0.957014, -0.118887, -0.264557, -0.00472, -0.288262, -0.288961, -0.912911, 0.777583, 0.032087, 0.94993, -0.310811, 0.691409, 0.0, 0.0, 0.0, 1.0],
                [0.965274, -0.123429, -0.23024, -0.006119, -0.255988, -0.271098, -0.927888, 0.746261, 0.052111, 0.954605, -0.29328, 0.681294, 0.0, 0.0, 0.0, 1.0],
                [0.967747, -0.123037, -0.219837, -0.006992, -0.24567, -0.267645, -0.931672, 0.736328, 0.055792, 0.95563, -0.289239, 0.677691, 0.0, 0.0, 0.0, 1.0],
                [0.972385, -0.119251, -0.200617, -0.009349, -0.225806, -0.263458, -0.937871, 0.717224, 0.058988, 0.957272, -0.28311, 0.670182, 0.0, 0.0, 0.0, 1.0],
                [0.9779, -0.109729, -0.177964, -0.013453, -0.201129, -0.261328, -0.944063, 0.69135, 0.057085, 0.958993, -0.277622, 0.658151, 0.0, 0.0, 0.0, 1.0],
                [0.980892, -0.101026, -0.166266, -0.016293, -0.18747, -0.262323, -0.946595, 0.676209, 0.052015, 0.959677, -0.27625, 0.649941, 0.0, 0.0, 0.0, 1.0],
                [0.982236, -0.096132, -0.161155, -0.017607, -0.181235, -0.263359, -0.947521, 0.669399, 0.048646, 0.959896, -0.276103, 0.645937, 0.0, 0.0, 0.0, 1.0],
                [0.985804, -0.079342, -0.147973, -0.020987, -0.16409, -0.26854, -0.94919, 0.652129, 0.035574, 0.959995, -0.277747, 0.634465, 0.0, 0.0, 0.0, 1.0],
                [0.986865, -0.073628, -0.143791, -0.0218, -0.158539, -0.2705, -0.949576, 0.648006, 0.03102, 0.9599, -0.27862, 0.630677, 0.0, 0.0, 0.0, 1.0],
                [0.988879, -0.061471, -0.135425, -0.02285, -0.147212, -0.275129, -0.95007, 0.641614, 0.021143, 0.95944, -0.281119, 0.623688, 0.0, 0.0, 0.0, 1.0],
                [0.992185, -0.029365, -0.121272, -0.020545, -0.124569, -0.289127, -0.949151, 0.649442, -0.007191, 0.95684, -0.290526, 0.623021, 0.0, 0.0, 0.0, 1.0],
                [0.995498, -0.010631, -0.094183, -0.01598, -0.093042, -0.299078, -0.949682, 0.618576, -0.018072, 0.954169, -0.298721, 0.630362, 0.0, 0.0, 0.0, 1.0],
                [0.998416, -0.014878, -0.054254, -0.010793, -0.056216, -0.300634, -0.952081, 0.547924, -0.002145, 0.953624, -0.300994, 0.639027, 0.0, 0.0, 0.0, 1.0],
                [0.996656, -0.030157, 0.075942, 0.002457, 0.063051, -0.307314, -0.949517, 0.265394, 0.051972, 0.95113, -0.304385, 0.669551, 0.0, 0.0, 0.0, 1.0],
                [0.99813, -0.001286, 0.061117, -0.005445, 0.057532, -0.318228, -0.946267, 0.220212, 0.020666, 0.948013, -0.317559, 0.671261, 0.0, 0.0, 0.0, 1.0],
                [0.996081, 0.084412, -0.026403, -0.032513, 0.00473, -0.348942, -0.937132, 0.176473, -0.088318, 0.933335, -0.347974, 0.666328, 0.0, 0.0, 0.0, 1.0],
                [0.98987, 0.122866, -0.071146, -0.039506, -0.024818, -0.343655, -0.938768, 0.124609, -0.139792, 0.931024, -0.337124, 0.662353, 0.0, 0.0, 0.0, 1.0],
                [0.988011, 0.131446, -0.080971, -0.036452, -0.033914, -0.326873, -0.94446, 0.088194, -0.150613, 0.935882, -0.318496, 0.660556, 0.0, 0.0, 0.0, 1.0],
                [0.987469, 0.133702, -0.08384, -0.034076, -0.037556, -0.316903, -0.947714, 0.070559, -0.15328, 0.938987, -0.30791, 0.65969, 0.0, 0.0, 0.0, 1.0],
                [0.9871, 0.134021, -0.087592, -0.025583, -0.046244, -0.285111, -0.957378, 0.022948, -0.153282, 0.949079, -0.275235, 0.657311, 0.0, 0.0, 0.0, 1.0],
                [0.987262, 0.132462, -0.088133, -0.022859, -0.048795, -0.275163, -0.960159, 0.009679, -0.151436, 0.952229, -0.265194, 0.656619, 0.0, 0.0, 0.0, 1.0],
                [0.987735, 0.127771, -0.089741, -0.018584, -0.054174, -0.258603, -0.964463, -0.011455, -0.146438, 0.957496, -0.248509, 0.65543, 0.0, 0.0, 0.0, 1.0],
                [0.988523, 0.117547, -0.094899, -0.016123, -0.063825, -0.244404, -0.967571, -0.028176, -0.136929, 0.962522, -0.234097, 0.65417, 0.0, 0.0, 0.0, 1.0],
                [0.989393, 0.107281, -0.097942, -0.01554, -0.070074, -0.238123, -0.968704, -0.032332, -0.127246, 0.965292, -0.22808, 0.653561, 0.0, 0.0, 0.0, 1.0],
                [0.989889, 0.101295, -0.099297, -0.015444, -0.073099, -0.235623, -0.969092, -0.032816, -0.121561, 0.966551, -0.225836, 0.653312, 0.0, 0.0, 0.0, 1.0],
                [0.991395, 0.080972, -0.102853, -0.015672, -0.081824, -0.22998, -0.96975, -0.029599, -0.102177, 0.969821, -0.221376, 0.652745, 0.0, 0.0, 0.0, 1.0],
                [0.991852, 0.073704, -0.103914, -0.015847, -0.084628, -0.228525, -0.969853, -0.027445, -0.095229, 0.970744, -0.220425, 0.652604, 0.0, 0.0, 0.0, 1.0],
                [0.992623, 0.058964, -0.105937, -0.016214, -0.090101, -0.225909, -0.969973, -0.022372, -0.081126, 0.972362, -0.218929, 0.652373, 0.0, 0.0, 0.0, 1.0],
                [0.99333, 0.037694, -0.108968, -0.016478, -0.098004, -0.221868, -0.970139, -0.014984, -0.060745, 0.974348, -0.216694, 0.652098, 0.0, 0.0, 0.0, 1.0],
                [0.993481, 0.025132, -0.111192, -0.016206, -0.103081, -0.218447, -0.970389, -0.011868, -0.048678, 0.975525, -0.214432, 0.651923, 0.0, 0.0, 0.0, 1.0],
                [0.993493, 0.019438, -0.112222, -0.01601, -0.105381, -0.216864, -0.970497, -0.010392, -0.043201, 0.976008, -0.213404, 0.651863, 0.0, 0.0, 0.0, 1.0],
                [0.993484, 0.008768, -0.113631, -0.012137, -0.109066, -0.216161, -0.970247, 0.000354, -0.03307, 0.976318, -0.213796, 0.653107, 0.0, 0.0, 0.0, 1.0],
                [0.993466, 0.007225, -0.113897, -0.004593, -0.109493, -0.221114, -0.969082, 0.008652, -0.032186, 0.975221, -0.218878, 0.655839, 0.0, 0.0, 0.0, 1.0],
                [0.993453, 0.006358, -0.114061, -5e-06, -0.10969, -0.225819, -0.967974, 0.011508, -0.031912, 0.974149, -0.223643, 0.65763, 0.0, 0.0, 0.0, 1.0],
                [0.993407, 0.003686, -0.114582, 0.015823, -0.110184, -0.24529, -0.963168, 0.017073, -0.031656, 0.969443, -0.243267, 0.664062, 0.0, 0.0, 0.0, 1.0],
                [0.993377, 0.002108, -0.114884, 0.027087, -0.110396, -0.25979, -0.959334, 0.020093, -0.031868, 0.965663, -0.257836, 0.668692, 0.0, 0.0, 0.0, 1.0],
                [0.993364, 0.00146, -0.115005, 0.032632, -0.110455, -0.266622, -0.957451, 0.021938, -0.032061, 0.9638, -0.264692, 0.670949, 0.0, 0.0, 0.0, 1.0],
                [0.993342, 0.000403, -0.115206, 0.047712, -0.110417, -0.282016, -0.953035, 0.030988, -0.032875, 0.959409, -0.280094, 0.676836, 0.0, 0.0, 0.0, 1.0],
                [0.993341, 0.000436, -0.115208, 0.051886, -0.110324, -0.2845, -0.952307, 0.035779, -0.033192, 0.958676, -0.282557, 0.678325, 0.0, 0.0, 0.0, 1.0],
                [0.993354, 0.001242, -0.115088, 0.058351, -0.110007, -0.28379, -0.952555, 0.04911, -0.033844, 0.958886, -0.281767, 0.680271, 0.0, 0.0, 0.0, 1.0],
                [0.993414, 0.004689, -0.114485, 0.061837, -0.109188, -0.264163, -0.958278, 0.081193, -0.034736, 0.964467, -0.261911, 0.679798, 0.0, 0.0, 0.0, 1.0],
                [0.993484, 0.008768, -0.113631, 0.058848, -0.1084, -0.235136, -0.965899, 0.112749, -0.035188, 0.971923, -0.232653, 0.676595, 0.0, 0.0, 0.0, 1.0],
                [0.993524, 0.011737, -0.113019, 0.055144, -0.107951, -0.21293, -0.971086, 0.132806, -0.035463, 0.976997, -0.210284, 0.673903, 0.0, 0.0, 0.0, 1.0],
                [0.993615, 0.025816, -0.10983, 0.033838, -0.106539, -0.105674, -0.988677, 0.213201, -0.03713, 0.994066, -0.102249, 0.661253, 0.0, 0.0, 0.0, 1.0],
                [0.993639, 0.031692, -0.108057, 0.023991, -0.106046, -0.059452, -0.992582, 0.245453, -0.037881, 0.997728, -0.055713, 0.655714, 0.0, 0.0, 0.0, 1.0],
                [0.993687, 0.044196, -0.103118, 0.001358, -0.104997, 0.042535, -0.993562, 0.315809, -0.039525, 0.998117, 0.046906, 0.643024, 0.0, 0.0, 0.0, 1.0],
                [0.993786, 0.062288, -0.092248, -0.037006, -0.103088, 0.202485, -0.973844, 0.430183, -0.04198, 0.977302, 0.207648, 0.620872, 0.0, 0.0, 0.0, 1.0],
                [0.993905, 0.072135, -0.083361, -0.063238, -0.101361, 0.300681, -0.948323, 0.507813, -0.043342, 0.950993, 0.30616, 0.604741, 0.0, 0.0, 0.0, 1.0],
                [0.993991, 0.076033, -0.078739, -0.075964, -0.100278, 0.344185, -0.933531, 0.54588, -0.043878, 0.935818, 0.349742, 0.596451, 0.0, 0.0, 0.0, 1.0],
                [0.9944, 0.082694, -0.065805, -0.110224, -0.095796, 0.44236, -0.891706, 0.652446, -0.044629, 0.893017, 0.447805, 0.571417, 0.0, 0.0, 0.0, 1.0],
                [0.994593, 0.083228, -0.062108, -0.120228, -0.093801, 0.463375, -0.881184, 0.684906, -0.04456, 0.882245, 0.468677, 0.563093, 0.0, 0.0, 0.0, 1.0],
                [0.995047, 0.082595, -0.055315, -0.139977, -0.089077, 0.493865, -0.864964, 0.747929, -0.044123, 0.865607, 0.498776, 0.546024, 0.0, 0.0, 0.0, 1.0],
                [0.995844, 0.078409, -0.046334, -0.169035, -0.080422, 0.518288, -0.851416, 0.839682, -0.042744, 0.851604, 0.52244, 0.519102, 0.0, 0.0, 0.0, 1.0],
                [0.996413, 0.07413, -0.040825, -0.188092, -0.073832, 0.525679, -0.847473, 0.90051, -0.041362, 0.847447, 0.529267, 0.500068, 0.0, 0.0, 0.0, 1.0],
                [0.996698, 0.071691, -0.03812, -0.197543, -0.070347, 0.527991, -0.846331, 0.931212, -0.040547, 0.846218, 0.531291, 0.490172, 0.0, 0.0, 0.0, 1.0],
                [0.997523, 0.063683, -0.029867, -0.225647, -0.05936, 0.534368, -0.843165, 1.026031, -0.037736, 0.84285, 0.536824, 0.458757, 0.0, 0.0, 0.0, 1.0],
                [0.997778, 0.060908, -0.026987, -0.234951, -0.055577, 0.537675, -0.841318, 1.058976, -0.036733, 0.840949, 0.539866, 0.44765, 0.0, 0.0, 0.0, 1.0],
                [0.998246, 0.055393, -0.020917, -0.253492, -0.047927, 0.548483, -0.834787, 1.12765, -0.034769, 0.834325, 0.550175, 0.424377, 0.0, 0.0, 0.0, 1.0],
                [0.998939, 0.045131, -0.009203, -0.281665, -0.033843, 0.583637, -0.811309, 1.244946, -0.031244, 0.81076, 0.584545, 0.383004, 0.0, 0.0, 0.0, 1.0],
                [0.99939, 0.034929, 0.000765, -0.300496, -0.021011, 0.618382, -0.785597, 1.337862, -0.027913, 0.785101, 0.618738, 0.347651, 0.0, 0.0, 0.0, 1.0],
                [0.999541, 0.029825, 0.005291, -0.309424, -0.014862, 0.635073, -0.772309, 1.386519, -0.026394, 0.771876, 0.635225, 0.328866, 0.0, 0.0, 0.0, 1.0],
                [0.999718, 0.019905, 0.012953, -0.332091, -0.003634, 0.667212, -0.744859, 1.53099, -0.023469, 0.744601, 0.667096, 0.273851, 0.0, 0.0, 0.0, 1.0],
                [0.999743, 0.016936, 0.015089, -0.33946, -0.000345, 0.676486, -0.736456, 1.58873, -0.02268, 0.736261, 0.676318, 0.246946, 0.0, 0.0, 0.0, 1.0],
                [0.999726, 0.021096, 0.010171, -0.346686, -0.006525, 0.667981, -0.74415, 1.704625, -0.022492, 0.743879, 0.667935, 0.193899, 0.0, 0.0, 0.0, 1.0],
                [0.985125, 0.073148, -0.15549, -0.294161, -0.166895, 0.191852, -0.967129, 1.603469, -0.040913, 0.978694, 0.201207, 0.359622, 0.0, 0.0, 0.0, 1.0],
                [0.946645, 0.136404, -0.29199, -0.196483, -0.260414, -0.210008, -0.94238, 1.408768, -0.189864, 0.968138, -0.163282, 0.572057, 0.0, 0.0, 0.0, 1.0],
                [0.914712, 0.280839, -0.290572, -0.107698, -0.244758, -0.187131, -0.951355, 1.306582, -0.321552, 0.941335, -0.102434, 0.674811, 0.0, 0.0, 0.0, 1.0],
                [0.630783, 0.774254, -0.051409, 0.239851, -0.284837, 0.169411, -0.943487, 0.939665, -0.721789, 0.609779, 0.327398, 0.990274, 0.0, 0.0, 0.0, 1.0],
                [0.514786, 0.852454, -0.091199, 0.352434, -0.337837, 0.103937, -0.935448, 0.787202, -0.787948, 0.512366, 0.341496, 1.087675, 0.0, 0.0, 0.0, 1.0],
                [0.270854, 0.909008, -0.31677, 0.573429, -0.403043, -0.191749, -0.894868, 0.452401, -0.874182, 0.37005, 0.314433, 1.266571, 0.0, 0.0, 0.0, 1.0],
                [-0.049816, 0.860339, -0.507282, 0.767064, -0.328905, -0.493713, -0.805027, 0.072075, -0.943048, 0.126745, 0.307565, 1.391053, 0.0, 0.0, 0.0, 1.0],
                [-0.241122, 0.774068, -0.585388, 0.857512, -0.217575, -0.630947, -0.744692, -0.152028, -0.945791, -0.052196, 0.320553, 1.435414, 0.0, 0.0, 0.0, 1.0],
                [-0.321135, 0.717615, -0.617981, 0.896755, -0.153644, -0.683378, -0.713714, -0.256164, -0.934487, -0.134249, 0.329714, 1.450328, 0.0, 0.0, 0.0, 1.0],
                [-0.473486, 0.531862, -0.702093, 1.002565, 0.025597, -0.788461, -0.614552, -0.525837, -0.880429, -0.308953, 0.359712, 1.472561, 0.0, 0.0, 0.0, 1.0],
                [-0.492022, 0.477071, -0.728229, 1.034724, 0.069646, -0.812234, -0.579159, -0.597085, -0.867793, -0.335677, 0.36641, 1.47219, 0.0, 0.0, 0.0, 1.0],
                [-0.490634, 0.390885, -0.778773, 1.088711, 0.130223, -0.850809, -0.509084, -0.709762, -0.86158, -0.351189, 0.366533, 1.455241, 0.0, 0.0, 0.0, 1.0],
                [-0.44392, 0.286907, -0.848893, 1.156525, 0.18287, -0.89841, -0.399273, -0.839429, -0.877208, -0.332483, 0.346355, 1.405832, 0.0, 0.0, 0.0, 1.0],
                [-0.414537, 0.204782, -0.886693, 1.202807, 0.222161, -0.9221, -0.316822, -0.927017, -0.882499, -0.328323, 0.33675, 1.369765, 0.0, 0.0, 0.0, 1.0],
                [-0.404078, 0.153109, -0.901819, 1.227344, 0.249292, -0.93014, -0.269617, -0.973088, -0.880099, -0.333763, 0.33768, 1.349978, 0.0, 0.0, 0.0, 1.0],
                [-0.368924, -0.022709, -0.929182, 1.299734, 0.338082, -0.934501, -0.111394, -1.101069, -0.865791, -0.355236, 0.352438, 1.270687, 0.0, 0.0, 0.0, 1.0],
                [-0.354895, -0.080182, -0.931461, 1.323935, 0.365967, -0.928724, -0.059491, -1.144084, -0.860301, -0.361997, 0.358944, 1.24293, 0.0, 0.0, 0.0, 1.0],
                [-0.324055, -0.193807, -0.925974, 1.3723, 0.419794, -0.906607, 0.042842, -1.229579, -0.847798, -0.374835, 0.375149, 1.183308, 0.0, 0.0, 0.0, 1.0],
                [-0.278676, -0.346393, -0.895741, 1.444935, 0.490883, -0.853024, 0.177155, -1.357775, -0.825454, -0.390335, 0.407756, 1.072506, 0.0, 0.0, 0.0, 1.0],
                [-0.248184, -0.438008, -0.864033, 1.492795, 0.532602, -0.80673, 0.255975, -1.442525, -0.80916, -0.396658, 0.433501, 0.988524, 0.0, 0.0, 0.0, 1.0],
                [-0.231389, -0.482053, -0.845035, 1.516501, 0.552029, -0.780289, 0.29396, -1.484649, -0.801076, -0.398465, 0.446658, 0.946409, 0.0, 0.0, 0.0, 1.0],
                [-0.180043, -0.604478, -0.776009, 1.584505, 0.601779, -0.691732, 0.39921, -1.607473, -0.778105, -0.395111, 0.488304, 0.813428, 0.0, 0.0, 0.0, 1.0],
                [-0.165101, -0.640897, -0.749662, 1.605105, 0.613916, -0.66167, 0.430466, -1.646171, -0.771913, -0.389159, 0.502699, 0.764776, 0.0, 0.0, 0.0, 1.0],
                [-0.138227, -0.709028, -0.6915, 1.646199, 0.632872, -0.600292, 0.489001, -1.723767, -0.761818, -0.370038, 0.531701, 0.661986, 0.0, 0.0, 0.0, 1.0],
                [-0.096803, -0.82076, -0.563012, 1.70459, 0.642917, -0.483384, 0.594137, -1.836094, -0.759794, -0.304456, 0.574474, 0.500526, 0.0, 0.0, 0.0, 1.0],
                [-0.098651, -0.836279, -0.539357, 1.708602, 0.66382, -0.459089, 0.590406, -1.882007, -0.741357, -0.299793, 0.600428, 0.422236, 0.0, 0.0, 0.0, 1.0],
                [-0.105275, -0.858774, -0.501423, 1.712168, 0.694673, -0.424309, 0.580855, -1.91576, -0.711581, -0.287175, 0.641236, 0.363402, 0.0, 0.0, 0.0, 1.0],
                [-0.114854, -0.887363, -0.446538, 1.715316, 0.735452, -0.378129, 0.562253, -1.939223, -0.667771, -0.26383, 0.696043, 0.321246, 0.0, 0.0, 0.0, 1.0],
                [-0.124595, -0.920463, -0.370438, 1.71807, 0.785951, -0.319434, 0.529379, -1.954268, -0.605604, -0.225189, 0.763239, 0.292988, 0.0, 0.0, 0.0, 1.0],
                [-0.129733, -0.954796, -0.267458, 1.720458, 0.844836, -0.247642, 0.474263, -1.962765, -0.519058, -0.164431, 0.838773, 0.275847, 0.0, 0.0, 0.0, 1.0],
                [-0.12212, -0.983755, -0.131582, 1.722505, 0.907915, -0.164283, 0.385619, -1.966584, -0.40097, -0.072374, 0.913228, 0.267045, 0.0, 0.0, 0.0, 1.0],
                [-0.088791, -0.995236, 0.040257, 1.724238, 0.965312, -0.076017, 0.249785, -1.967598, -0.245535, 0.061039, 0.967464, 0.263803, 0.0, 0.0, 0.0, 1.0],
                [-0.012476, -0.970481, 0.240856, 1.725683, 0.998422, 0.001096, 0.056133, -1.967675, -0.05474, 0.241177, 0.968936, 0.263339, 0.0, 0.0, 0.0, 1.0],
                [0.121664, -0.888443, 0.442569, 1.726866, 0.980985, 0.039702, -0.189977, -1.968689, 0.151213, 0.457267, 0.87638, 0.265106, 0.0, 0.0, 0.0, 1.0],
                [0.310791, -0.740614, 0.595734, 1.727813, 0.89179, 0.010386, -0.45233, -1.972509, 0.328814, 0.67185, 0.663701, 0.269661, 0.0, 0.0, 0.0, 1.0],
                [0.523071, -0.547835, 0.652895, 1.728551, 0.736238, -0.095474, -0.669953, -1.981005, 0.429359, 0.83112, 0.353398, 0.275889, 0.0, 0.0, 0.0, 1.0],
                [0.712422, -0.35412, 0.605849, 1.729106, 0.551068, -0.252221, -0.795429, -1.99605, 0.434486, 0.900546, 0.015456, 0.282675, 0.0, 0.0, 0.0, 1.0],
                [0.849481, -0.19674, 0.489567, 1.729503, 0.378919, -0.418198, -0.825548, -2.019513, 0.367154, 0.886794, -0.280703, 0.288903, 0.0, 0.0, 0.0, 1.0],
                [0.932586, -0.087922, 0.350075, 1.729769, 0.243275, -0.563379, -0.78957, -2.053266, 0.266645, 0.821507, -0.50401, 0.293459, 0.0, 0.0, 0.0, 1.0],
                [0.975506, -0.021212, 0.218947, 1.729931, 0.147076, -0.677249, -0.720903, -2.099179, 0.163574, 0.735447, -0.657541, 0.295225, 0.0, 0.0, 0.0, 1.0],
                [0.993775, 0.015638, 0.110295, 1.730014, 0.083315, -0.761575, -0.642698, -2.179323, 0.073948, 0.647887, -0.758138, 0.292474, 0.0, 0.0, 0.0, 1.0],
                [0.999057, 0.033514, 0.027576, 1.730044, 0.043246, -0.822367, -0.56731, -2.287646, 0.003665, 0.567968, -0.823042, 0.273218, 0.0, 0.0, 0.0, 1.0],
                [0.998738, 0.040142, -0.030167, 1.730049, 0.01969, -0.865738, -0.50011, -2.383838, -0.046192, 0.498885, -0.865436, 0.220951, 0.0, 0.0, 0.0, 1.0],
                [0.997075, 0.040494, -0.064821, 1.538331, 0.007624, -0.896573, -0.442829, -2.436654, -0.076049, 0.44104, -0.894259, 0.115227, 0.0, 0.0, 0.0, 1.0],
                [0.996275, 0.037622, -0.077588, 1.346614, 0.003875, -0.918422, -0.395582, -2.451126, -0.086141, 0.393808, -0.915147, 0.04664, 0.0, 0.0, 0.0, 1.0],
                [0.996273, 0.034843, -0.078904, 1.346614, 0.004302, -0.933715, -0.357989, -2.451126, -0.086148, 0.356315, -0.930385, 0.04664, 0.0, 0.0, 0.0, 1.0],
                [0.996274, 0.033367, -0.079529, 1.346614, 0.005281, -0.944, -0.329901, -2.451126, -0.086084, 0.328251, -0.940659, 0.04664, 0.0, 0.0, 0.0, 1.0],
                [0.996276, 0.032112, -0.080015, 1.346614, 0.005564, -0.950062, -0.31201, -2.451126, -0.086038, 0.310403, -0.946703, 0.04664, 0.0, 0.0, 0.0, 1.0],
                [0.996275, 0.030005, -0.08084, 1.346614, 0.003875, -0.952138, -0.305643, -2.451126, -0.086141, 0.304191, -0.948708, 0.04664, 0.0, 0.0, 0.0, 1.0],
                [0.996241, 0.023147, -0.083473, 1.350248, -0.003673, -0.951484, -0.307675, -2.447619, -0.086545, 0.306825, -0.947823, 0.045527, 0.0, 0.0, 0.0, 1.0],
                [0.996013, 0.009538, -0.088691, 1.360112, -0.01881, -0.949453, -0.313345, -2.438101, -0.087197, 0.313764, -0.945488, 0.042506, 0.0, 0.0, 0.0, 1.0],
                [0.995346, -0.009017, -0.095942, 1.374648, -0.039572, -0.946041, -0.321622, -2.424075, -0.087865, 0.323921, -0.941995, 0.038053, 0.0, 0.0, 0.0, 1.0],
                [0.994034, -0.030702, -0.104658, 1.392299, -0.063974, -0.941289, -0.331482, -2.407043, -0.088337, 0.3362, -0.937638, 0.032647, 0.0, 0.0, 0.0, 1.0],
                [0.992003, -0.053709, -0.114211, 1.411508, -0.090014, -0.935396, -0.341953, -2.388507, -0.088466, 0.349499, -0.93275, 0.026763, 0.0, 0.0, 0.0, 1.0],
                [0.98936, -0.076258, -0.123894, 1.430716, -0.115685, -0.92877, -0.352139, -2.369972, -0.088215, 0.362725, -0.927711, 0.02088, 0.0, 0.0, 0.0, 1.0],
                [0.986405, -0.096627, -0.132923, 1.448367, -0.139002, -0.922055, -0.361237, -2.35294, -0.087657, 0.374802, -0.922951, 0.015474, 0.0, 0.0, 0.0, 1.0],
                [0.983599, -0.113156, -0.140455, 1.462904, -0.158015, -0.916085, -0.368537, -2.338913, -0.086967, 0.384686, -0.918941, 0.011021, 0.0, 0.0, 0.0, 1.0],
                [0.981509, -0.12424, -0.145612, 1.472767, -0.170812, -0.911813, -0.37339, -2.329396, -0.086381, 0.391358, -0.916175, 0.008, 0.0, 0.0, 0.0, 1.0],
                [0.980703, -0.128293, -0.147519, 1.476402, -0.175502, -0.910195, -0.375157, -2.325889, -0.086141, 0.393808, -0.915147, 0.006887, 0.0, 0.0, 0.0, 1.0],
                [0.980703, -0.128293, -0.147519, 1.476402, -0.175502, -0.910195, -0.375157, -2.325889, -0.086141, 0.393808, -0.915147, 0.006887, 0.0, 0.0, 0.0, 1.0],
                [0.980703, -0.128293, -0.147519, 1.476402, -0.175502, -0.910195, -0.375158, -2.325889, -0.086141, 0.393808, -0.915147, 0.006887, 0.0, 0.0, 0.0, 1.0],
                [0.980703, -0.128293, -0.147519, 1.476402, -0.175502, -0.910195, -0.375158, -2.325889, -0.086141, 0.393808, -0.915147, 0.006887, 0.0, 0.0, 0.0, 1.0],
                [0.980703, -0.128293, -0.147519, 1.476402, -0.175502, -0.910195, -0.375158, -2.325889, -0.086141, 0.393808, -0.915147, 0.006887, 0.0, 0.0, 0.0, 1.0],
                [0.980703, -0.128293, -0.147519, 1.476402, -0.175502, -0.910195, -0.375158, -2.325889, -0.086141, 0.393808, -0.915147, 0.006887, 0.0, 0.0, 0.0, 1.0],
                [0.980703, -0.128293, -0.147519, 1.476402, -0.175502, -0.910195, -0.375158, -2.325889, -0.086141, 0.393808, -0.915147, 0.006887, 0.0, 0.0, 0.0, 1.0],
                [0.980703, -0.128293, -0.147519, 1.476402, -0.175502, -0.910195, -0.375158, -2.325889, -0.086141, 0.393808, -0.915147, 0.006887, 0.0, 0.0, 0.0, 1.0],
                [0.980703, -0.128293, -0.147519, 1.476402, -0.175502, -0.910195, -0.375158, -2.325889, -0.086141, 0.393808, -0.915147, 0.006887, 0.0, 0.0, 0.0, 1.0],
                [0.980703, -0.128293, -0.147519, 1.476402, -0.175502, -0.910195, -0.375158, -2.325889, -0.086141, 0.393808, -0.915147, 0.006887, 0.0, 0.0, 0.0, 1.0],
                [0.980703, -0.128293, -0.147519, 1.476402, -0.175502, -0.910195, -0.375158, -2.325889, -0.086141, 0.393808, -0.915147, 0.006887, 0.0, 0.0, 0.0, 1.0],
                [0.980703, -0.128293, -0.147519, 1.476402, -0.175502, -0.910195, -0.375158, -2.325889, -0.086141, 0.393808, -0.915147, 0.006887, 0.0, 0.0, 0.0, 1.0],
                [0.980703, -0.128293, -0.147519, 1.476402, -0.175502, -0.910195, -0.375158, -2.325889, -0.086141, 0.393808, -0.915147, 0.006887, 0.0, 0.0, 0.0, 1.0],
                [0.980703, -0.128293, -0.147519, 1.476402, -0.175502, -0.910195, -0.375158, -2.325889, -0.086141, 0.393808, -0.915147, 0.006887, 0.0, 0.0, 0.0, 1.0],
                [0.980703, -0.128293, -0.147519, 1.476402, -0.175502, -0.910195, -0.375158, -2.325889, -0.086141, 0.393808, -0.915147, 0.006887, 0.0, 0.0, 0.0, 1.0],
                [0.980703, -0.128293, -0.147519, 1.476402, -0.175502, -0.910195, -0.375158, -2.325889, -0.086141, 0.393808, -0.915147, 0.006887, 0.0, 0.0, 0.0, 1.0],
                [0.980703, -0.128293, -0.147519, 1.476402, -0.175502, -0.910195, -0.375158, -2.325889, -0.086141, 0.393808, -0.915147, 0.006887, 0.0, 0.0, 0.0, 1.0],
                [0.980703, -0.128293, -0.147519, 1.476402, -0.175502, -0.910195, -0.375158, -2.325889, -0.086141, 0.393808, -0.915147, 0.006887, 0.0, 0.0, 0.0, 1.0],
                [0.980703, -0.128293, -0.147519, 1.476402, -0.175502, -0.910195, -0.375158, -2.325889, -0.086141, 0.393808, -0.915147, 0.006887, 0.0, 0.0, 0.0, 1.0],
                [0.980703, -0.128293, -0.147519, 1.476402, -0.175502, -0.910195, -0.375158, -2.325889, -0.086141, 0.393808, -0.915147, 0.006887, 0.0, 0.0, 0.0, 1.0],
                [0.980703, -0.128293, -0.147519, 1.476402, -0.175502, -0.910195, -0.375158, -2.325889, -0.086141, 0.393808, -0.915147, 0.006887, 0.0, 0.0, 0.0, 1.0],
                [0.980703, -0.128293, -0.147519, 1.476402, -0.175502, -0.910195, -0.375158, -2.325889, -0.086141, 0.393808, -0.915147, 0.006887, 0.0, 0.0, 0.0, 1.0],
                [0.980703, -0.128293, -0.147519, 1.476402, -0.175502, -0.910195, -0.375158, -2.325889, -0.086141, 0.393808, -0.915147, 0.006887, 0.0, 0.0, 0.0, 1.0],
                [0.980703, -0.128293, -0.147519, 1.476402, -0.175502, -0.910195, -0.375158, -2.325889, -0.086141, 0.393808, -0.915147, 0.006887, 0.0, 0.0, 0.0, 1.0],
                [0.980703, -0.128293, -0.147519, 1.476402, -0.175502, -0.910195, -0.375158, -2.325889, -0.086141, 0.393808, -0.915147, 0.006887, 0.0, 0.0, 0.0, 1.0],
                [0.980703, -0.128293, -0.147519, 1.476402, -0.175502, -0.910195, -0.375158, -2.325889, -0.086141, 0.393808, -0.915147, 0.006887, 0.0, 0.0, 0.0, 1.0],
                [0.980703, -0.128293, -0.147519, 1.476402, -0.175502, -0.910195, -0.375158, -2.325889, -0.086141, 0.393808, -0.915147, 0.006887, 0.0, 0.0, 0.0, 1.0],
                [0.980703, -0.128293, -0.147519, 1.476402, -0.175502, -0.910195, -0.375158, -2.325889, -0.086141, 0.393808, -0.915147, 0.006887, 0.0, 0.0, 0.0, 1.0],
                [0.980703, -0.128293, -0.147519, 1.476402, -0.175502, -0.910195, -0.375158, -2.325889, -0.086141, 0.393808, -0.915147, 0.006887, 0.0, 0.0, 0.0, 1.0],
                [0.980703, -0.128293, -0.147519, 1.476402, -0.175502, -0.910195, -0.375158, -2.325889, -0.086141, 0.393808, -0.915147, 0.006887, 0.0, 0.0, 0.0, 1.0],
                [0.980703, -0.128293, -0.147519, 1.476402, -0.175502, -0.910195, -0.375158, -2.325889, -0.086141, 0.393808, -0.915147, 0.006887, 0.0, 0.0, 0.0, 1.0],
                [0.980703, -0.128293, -0.147519, 1.476402, -0.175502, -0.910195, -0.375158, -2.325889, -0.086141, 0.393808, -0.915147, 0.006887, 0.0, 0.0, 0.0, 1.0],
                [0.980703, -0.128293, -0.147519, 1.476402, -0.175502, -0.910195, -0.375158, -2.325889, -0.086141, 0.393808, -0.915147, 0.006887, 0.0, 0.0, 0.0, 1.0],
                [0.980703, -0.128293, -0.147519, 1.476402, -0.175502, -0.910195, -0.375158, -2.325889, -0.086141, 0.393808, -0.915147, 0.006887, 0.0, 0.0, 0.0, 1.0],
                [0.980703, -0.128293, -0.147519, 1.476402, -0.175502, -0.910195, -0.375158, -2.325889, -0.086141, 0.393808, -0.915147, 0.006887, 0.0, 0.0, 0.0, 1.0],
                [0.980703, -0.128293, -0.147519, 1.476402, -0.175502, -0.910195, -0.375158, -2.325889, -0.086141, 0.393808, -0.915147, 0.006887, 0.0, 0.0, 0.0, 1.0],
                [0.980703, -0.128293, -0.147519, 1.476402, -0.175502, -0.910195, -0.375158, -2.325889, -0.086141, 0.393808, -0.915147, 0.006887, 0.0, 0.0, 0.0, 1.0],
                [0.980703, -0.128293, -0.147519, 1.476402, -0.175502, -0.910195, -0.375158, -2.325889, -0.086141, 0.393808, -0.915147, 0.006887, 0.0, 0.0, 0.0, 1.0],
                [0.980703, -0.128293, -0.147519, 1.476402, -0.175502, -0.910195, -0.375158, -2.325889, -0.086141, 0.393808, -0.915147, 0.006887, 0.0, 0.0, 0.0, 1.0],
                [0.980703, -0.128293, -0.147519, 1.476402, -0.175502, -0.910195, -0.375158, -2.325889, -0.086141, 0.393808, -0.915147, 0.006887, 0.0, 0.0, 0.0, 1.0],
                [0.980703, -0.128293, -0.147519, 1.476402, -0.175502, -0.910195, -0.375158, -2.325889, -0.086141, 0.393808, -0.915147, 0.006887, 0.0, 0.0, 0.0, 1.0],
                [0.980703, -0.128293, -0.147519, 1.476402, -0.175502, -0.910195, -0.375158, -2.325889, -0.086141, 0.393808, -0.915147, 0.006887, 0.0, 0.0, 0.0, 1.0],
                [0.980703, -0.128293, -0.147519, 1.476402, -0.175502, -0.910195, -0.375158, -2.325889, -0.086141, 0.393808, -0.915147, 0.006887, 0.0, 0.0, 0.0, 1.0],
                [0.980703, -0.128293, -0.147519, 1.476402, -0.175502, -0.910195, -0.375158, -2.325889, -0.086141, 0.393808, -0.915147, 0.006887, 0.0, 0.0, 0.0, 1.0],
                [0.980703, -0.128293, -0.147519, 1.476402, -0.175502, -0.910195, -0.375158, -2.325889, -0.086141, 0.393808, -0.915147, 0.006887, 0.0, 0.0, 0.0, 1.0],
                [0.980703, -0.128293, -0.147519, 1.476402, -0.175502, -0.910195, -0.375158, -2.325889, -0.086141, 0.393808, -0.915147, 0.006887, 0.0, 0.0, 0.0, 1.0],
                [0.980703, -0.128293, -0.147519, 1.476402, -0.175502, -0.910195, -0.375158, -2.325889, -0.086141, 0.393808, -0.915147, 0.006887, 0.0, 0.0, 0.0, 1.0],
                [0.980703, -0.128293, -0.147519, 1.476402, -0.175502, -0.910195, -0.375158, -2.325889, -0.086141, 0.393808, -0.915147, 0.006887, 0.0, 0.0, 0.0, 1.0],
                [0.980703, -0.128293, -0.147519, 1.476402, -0.175502, -0.910195, -0.375158, -2.325889, -0.086141, 0.393808, -0.915147, 0.006887, 0.0, 0.0, 0.0, 1.0],
                [0.980703, -0.128293, -0.147519, 1.476402, -0.175502, -0.910195, -0.375158, -2.325889, -0.086141, 0.393808, -0.915147, 0.006887, 0.0, 0.0, 0.0, 1.0],
                [0.980703, -0.128293, -0.147519, 1.476402, -0.175502, -0.910195, -0.375158, -2.325889, -0.086141, 0.393808, -0.915147, 0.006887, 0.0, 0.0, 0.0, 1.0],
                [0.980703, -0.128293, -0.147519, 1.476402, -0.175502, -0.910195, -0.375158, -2.325889, -0.086141, 0.393808, -0.915147, 0.006887, 0.0, 0.0, 0.0, 1.0],
                [0.980703, -0.128293, -0.147519, 1.476402, -0.175502, -0.910195, -0.375158, -2.325889, -0.086141, 0.393808, -0.915147, 0.006887, 0.0, 0.0, 0.0, 1.0],
                [0.980703, -0.128293, -0.147519, 1.476402, -0.175502, -0.910195, -0.375158, -2.325889, -0.086141, 0.393808, -0.915147, 0.006887, 0.0, 0.0, 0.0, 1.0],
                [0.980703, -0.128293, -0.147519, 1.476402, -0.175502, -0.910195, -0.375158, -2.325889, -0.086141, 0.393808, -0.915147, 0.006887, 0.0, 0.0, 0.0, 1.0],
                [0.980703, -0.128293, -0.147519, 1.476402, -0.175502, -0.910195, -0.375158, -2.325889, -0.086141, 0.393808, -0.915147, 0.006887, 0.0, 0.0, 0.0, 1.0],
                [0.980703, -0.128293, -0.147519, 1.476402, -0.175502, -0.910195, -0.375158, -2.325889, -0.086141, 0.393808, -0.915147, 0.006887, 0.0, 0.0, 0.0, 1.0],
                [0.980703, -0.128293, -0.147519, 1.476402, -0.175502, -0.910195, -0.375158, -2.325889, -0.086141, 0.393808, -0.915147, 0.006887, 0.0, 0.0, 0.0, 1.0],
                [0.980703, -0.128293, -0.147519, 1.476402, -0.175502, -0.910195, -0.375158, -2.325889, -0.086141, 0.393808, -0.915147, 0.006887, 0.0, 0.0, 0.0, 1.0],
                [0.980703, -0.128293, -0.147519, 1.476402, -0.175502, -0.910195, -0.375158, -2.325889, -0.086141, 0.393808, -0.915147, 0.006887, 0.0, 0.0, 0.0, 1.0],
                [0.980703, -0.128293, -0.147519, 1.476402, -0.175502, -0.910195, -0.375158, -2.325889, -0.086141, 0.393808, -0.915147, 0.006887, 0.0, 0.0, 0.0, 1.0],
                [0.980703, -0.128293, -0.147519, 1.476402, -0.175502, -0.910195, -0.375158, -2.325889, -0.086141, 0.393808, -0.915147, 0.006887, 0.0, 0.0, 0.0, 1.0],
                [0.980703, -0.128293, -0.147519, 1.476402, -0.175502, -0.910195, -0.375158, -2.325889, -0.086141, 0.393808, -0.915147, 0.006887, 0.0, 0.0, 0.0, 1.0],
                [0.980703, -0.128293, -0.147519, 1.476402, -0.175502, -0.910195, -0.375158, -2.325889, -0.086141, 0.393808, -0.915147, 0.006887, 0.0, 0.0, 0.0, 1.0],
                [0.980703, -0.128293, -0.147519, 1.476402, -0.175502, -0.910195, -0.375158, -2.325889, -0.086141, 0.393808, -0.915147, 0.006887, 0.0, 0.0, 0.0, 1.0],
                [0.980703, -0.128293, -0.147519, 1.476402, -0.175502, -0.910195, -0.375158, -2.325889, -0.086141, 0.393808, -0.915147, 0.006887, 0.0, 0.0, 0.0, 1.0],
                [0.980703, -0.128293, -0.147519, 1.476402, -0.175502, -0.910195, -0.375158, -2.325889, -0.086141, 0.393808, -0.915147, 0.006887, 0.0, 0.0, 0.0, 1.0],
                [0.980703, -0.128293, -0.147519, 1.476402, -0.175502, -0.910195, -0.375158, -2.325889, -0.086141, 0.393808, -0.915147, 0.006887, 0.0, 0.0, 0.0, 1.0],
                [0.980703, -0.128293, -0.147519, 1.476402, -0.175502, -0.910195, -0.375158, -2.325889, -0.086141, 0.393808, -0.915147, 0.006887, 0.0, 0.0, 0.0, 1.0],
                [0.980703, -0.128293, -0.147519, 1.476402, -0.175502, -0.910195, -0.375158, -2.325889, -0.086141, 0.393808, -0.915147, 0.006887, 0.0, 0.0, 0.0, 1.0],
                [0.980917, -0.127788, -0.146528, 1.476649, -0.174562, -0.910704, -0.37436, -2.325772, -0.085605, 0.392794, -0.915633, 0.007476, 0.0, 0.0, 0.0, 1.0],
                [0.981532, -0.126319, -0.143658, 1.477361, -0.171845, -0.912164, -0.372056, -2.325429, -0.084042, 0.389872, -0.917025, 0.009175, 0.0, 0.0, 0.0, 1.0],
                [0.982495, -0.123952, -0.139066, 1.478494, -0.167509, -0.914463, -0.368371, -2.324873, -0.08151, 0.385217, -0.919219, 0.011876, 0.0, 0.0, 0.0, 1.0],
                [0.983745, -0.120744, -0.132911, 1.480002, -0.161712, -0.917483, -0.36342, -2.324118, -0.078063, 0.379006, -0.922095, 0.015474, 0.0, 0.0, 0.0, 1.0],
                [0.985218, -0.116749, -0.125355, 1.481844, -0.154614, -0.921097, -0.357315, -2.323174, -0.073748, 0.371415, -0.925533, 0.019864, 0.0, 0.0, 0.0, 1.0],
                [0.986846, -0.112019, -0.116559, 1.483972, -0.146378, -0.925179, -0.350165, -2.322057, -0.068613, 0.362621, -0.929407, 0.024941, 0.0, 0.0, 0.0, 1.0],
                [0.98856, -0.106609, -0.106687, 1.486345, -0.137169, -0.929604, -0.342082, -2.320777, -0.062708, 0.352803, -0.933593, 0.030598, 0.0, 0.0, 0.0, 1.0],
                [0.990296, -0.100575, -0.095903, 1.488916, -0.12715, -0.934248, -0.333185, -2.319349, -0.056087, 0.342146, -0.937971, 0.036731, 0.0, 0.0, 0.0, 1.0],
