{
    "animation": [
        {
            "name": "Root",
            "time": [0.0, 0.0083, 0.0167, 0.025, 0.0333, 0.0417, 0.05, 0.0583, 0.0667, 0.075, 0.0833, 0.0917, 0.1, 0.1083, 0.1167, 0.125, 0.1333, 0.1417, 0.15, 0.1583, 0.1667, 0.175, 0.1833, 0.1917, 0.2, 0.2083, 0.2167, 0.225, 0.2333, 0.2417, 0.25, 0.2583, 0.2667, 0.275, 0.2833, 0.2917, 0.3, 0.3083, 0.3167, 0.325, 0.3333, 0.3417, 0.35, 0.3583, 0.3667, 0.375, 0.3833, 0.3917, 0.4, 0.4083, 0.4167, 0.425, 0.4333, 0.4417, 0.45, 0.4583, 0.4667, 0.475, 0.4833, 0.4917, 0.5, 0.5083, 0.5167, 0.525, 0.5333, 0.5417, 0.55, 0.5583, 0.5667, 0.575, 0.5833, 0.5917, 0.6, 0.6083, 0.6167, 0.625, 0.6333, 0.6417, 0.65, 0.6583, 0.6667, 0.675, 0.6833, 0.6917, 0.7, 0.7083, 0.7167, 0.725, 0.7333, 0.7417, 0.75, 0.7583, 0.7667, 0.775, 0.7833, 0.7917, 0.8, 0.8083, 0.8167, 0.825, 0.8333, 0.8417, 0.85, 0.8583, 0.8667, 0.875, 0.8833, 0.8917, 0.9, 0.9083, 0.9167, 0.925, 0.9333, 0.9417, 0.95, 0.9583, 0.9667, 0.975, 0.9833, 0.9917, 1.0, 1.0083, 1.0167, 1.025, 1.0333, 1.0417, 1.05, 1.0583, 1.0667, 1.075, 1.0833, 1.0917, 1.1, 1.1083, 1.1167, 1.125, 1.1333, 1.1417, 1.15, 1.1583, 1.1667, 1.175, 1.1833, 1.1917, 1.2, 1.2083, 1.2167, 1.225, 1.2333, 1.2417, 1.25, 1.2583, 1.2667, 1.275, 1.2833, 1.2917, 1.3, 1.3083, 1.3167, 1.325, 1.3333, 1.3417, 1.35, 1.3583, 1.3667, 1.375, 1.3833, 1.3917, 1.4, 1.4083, 1.4167, 1.425, 1.4333, 1.4417, 1.45, 1.4583, 1.4667, 1.475, 1.4833, 1.4917, 1.5, 1.5083, 1.5167, 1.525, 1.5333, 1.5417, 1.55, 1.5583, 1.5667, 1.575, 1.5833, 1.5917, 1.6, 1.6083, 1.6167, 1.625, 1.6333, 1.6417, 1.65, 1.6583, 1.6667, 1.675, 1.6833, 1.6917, 1.7, 1.7083, 1.7167, 1.725, 1.7333, 1.7417, 1.75, 1.7583, 1.7667, 1.775, 1.7833, 1.7917, 1.8, 1.8083, 1.8167, 1.825, 1.8333, 1.8417, 1.85, 1.8583, 1.8667, 1.875, 1.8833, 1.8917, 1.9, 1.9083, 1.9167, 1.925, 1.9333, 1.9417, 1.95, 1.9583, 1.9667, 1.975, 1.9833, 1.9917, 2.0, 2.0083, 2.0167, 2.025, 2.0333, 2.0417, 2.05, 2.0583, 2.0667, 2.075, 2.0833, 2.0917, 2.1, 2.1083, 2.1167, 2.125, 2.1333, 2.1417, 2.15, 2.1583, 2.1667, 2.175, 2.1833, 2.1917, 2.2, 2.2083, 2.2167, 2.225, 2.2333, 2.2417, 2.25, 2.2583, 2.2667, 2.275, 2.2833, 2.2917, 2.3, 2.3083, 2.3167, 2.325, 2.3333, 2.3417, 2.35, 2.3583, 2.3667, 2.375, 2.3833, 2.3917, 2.4, 2.4083, 2.4167, 2.425, 2.4333, 2.4417, 2.45, 2.4583, 2.4667, 2.475, 2.4833, 2.4917, 2.5, 2.5083, 2.5167, 2.525, 2.5333, 2.5417, 2.55, 2.5583, 2.5667, 2.575, 2.5833, 2.5917, 2.6, 2.6083, 2.6167, 2.625, 2.6333, 2.6417, 2.65, 2.6583, 2.6667, 2.675, 2.6833, 2.6917, 2.7, 2.7083, 2.7167, 2.725, 2.7333, 2.7417, 2.75, 2.7583, 2.7667, 2.775, 2.7833, 2.7917, 2.8, 2.8083, 2.8167, 2.825, 2.8333, 2.8417, 2.85, 2.8583, 2.8667, 2.875, 2.8833, 2.8917, 2.9, 2.9083, 2.9167, 2.925, 2.9333, 2.9417, 2.95, 2.9583, 2.9667, 2.975, 2.9833, 2.9917, 3.0, 3.0083, 3.0167, 3.025, 3.0333, 3.0417, 3.05, 3.0583, 3.0667, 3.075, 3.0833, 3.0917, 3.1, 3.1083, 3.1167, 3.125, 3.1333, 3.1417, 3.15, 3.1583, 3.1667, 3.175, 3.1833, 3.1917, 3.2, 3.2083, 3.2167, 3.225, 3.2333, 3.2417, 3.25, 3.2583, 3.2667, 3.275, 3.2833, 3.2917, 3.3, 3.3083, 3.3167, 3.325, 3.3333],
            "transform": [
                [0.541396, -0.125432, -0.831359, -0.097874, -0.833797, -0.207162, -0.511728, -1.7914, -0.108039, 0.970232, -0.216741, 0.68146, 0.0, 0.0, 0.0, 1.0],
                [0.541396, -0.125432, -0.831359, -0.097874, -0.833797, -0.207162, -0.511728, -1.7914, -0.108039, 0.970232, -0.216741, 0.68146, 0.0, 0.0, 0.0, 1.0],
                [0.526035, -0.113362, -0.842874, -0.097887, -0.844462, -0.187154, -0.501854, -1.783235, -0.100856, 0.975767, -0.19418, 0.673556, 0.0, 0.0, 0.0, 1.0],
                [0.505487, -0.100135, -0.857004, -0.097923, -0.857759, -0.165886, -0.486549, -1.774911, -0.093444, 0.981048, -0.169746, 0.664897, 0.0, 0.0, 0.0, 1.0],
                [0.480688, -0.085612, -0.872703, -0.097975, -0.87272, -0.143669, -0.466603, -1.766405, -0.085434, 0.985916, -0.143775, 0.655603, 0.0, 0.0, 0.0, 1.0],
                [0.452631, -0.069712, -0.888969, -0.09804, -0.888409, -0.1208, -0.442873, -1.757697, -0.076514, 0.990226, -0.116611, 0.645796, 0.0, 0.0, 0.0, 1.0],
                [0.422386, -0.052429, -0.904898, -0.098112, -0.903977, -0.097557, -0.416304, -1.748765, -0.066453, 0.993848, -0.088601, 0.635594, 0.0, 0.0, 0.0, 1.0],
                [0.391103, -0.03383, -0.919725, -0.098185, -0.918696, -0.074187, -0.387936, -1.739588, -0.055108, 0.99667, -0.060094, 0.625118, 0.0, 0.0, 0.0, 1.0],
                [0.360006, -0.014062, -0.932844, -0.098255, -0.931984, -0.050896, -0.358908, -1.730142, -0.042431, 0.998605, -0.031428, 0.614488, 0.0, 0.0, 0.0, 1.0],
                [0.330388, 0.006657, -0.943822, -0.098316, -0.943416, -0.027831, -0.330442, -1.720409, -0.028467, 0.99959, -0.002914, 0.603824, 0.0, 0.0, 0.0, 1.0],
                [0.303555, 0.028042, -0.952401, -0.098363, -0.95272, -0.005086, -0.303807, -1.710364, -0.013363, 0.999594, 0.025172, 0.593247, 0.0, 0.0, 0.0, 1.0],
                [0.280852, 0.049741, -0.958461, -0.098392, -0.959747, 0.017327, -0.28033, -1.699988, 0.002664, 0.998612, 0.052605, 0.582877, 0.0, 0.0, 0.0, 1.0],
                [0.263598, 0.071344, -0.961991, -0.098396, -0.964439, 0.039453, -0.261343, -1.689258, 0.019308, 0.996671, 0.079207, 0.572833, 0.0, 0.0, 0.0, 1.0],
                [0.253073, 0.092398, -0.963025, -0.098371, -0.96677, 0.061403, -0.248166, -1.678154, 0.036202, 0.993827, 0.104867, 0.563237, 0.0, 0.0, 0.0, 1.0],
                [0.250507, 0.112382, -0.96157, -0.098312, -0.966667, 0.083329, -0.242096, -1.666652, 0.052919, 0.990165, 0.129511, 0.554208, 0.0, 0.0, 0.0, 1.0],
                [0.257056, 0.130725, -0.957514, -0.098213, -0.963931, 0.10541, -0.244387, -1.654733, 0.068984, 0.985799, 0.153106, 0.545866, 0.0, 0.0, 0.0, 1.0],
                [0.27377, 0.146786, -0.950528, -0.098068, -0.95813, 0.127814, -0.256222, -1.642374, 0.083881, 0.980876, 0.175632, 0.538332, 0.0, 0.0, 0.0, 1.0],
                [0.301558, 0.159847, -0.939953, -0.097874, -0.948494, 0.150653, -0.278679, -1.629553, 0.097061, 0.975578, 0.197045, 0.531725, 0.0, 0.0, 0.0, 1.0],
                [0.3419, 0.169988, -0.924234, -0.097616, -0.933338, 0.176001, -0.312897, -1.616346, 0.109478, 0.969602, 0.218831, 0.525501, 0.0, 0.0, 0.0, 1.0],
                [0.394226, 0.177208, -0.901767, -0.097288, -0.910914, 0.205329, -0.357876, -1.602834, 0.12174, 0.962516, 0.242367, 0.519119, 0.0, 0.0, 0.0, 1.0],
                [0.456011, 0.180663, -0.871444, -0.096901, -0.880008, 0.237661, -0.411222, -1.589002, 0.132815, 0.954399, 0.267361, 0.51271, 0.0, 0.0, 0.0, 1.0],
                [0.524451, 0.179659, -0.83227, -0.096463, -0.839553, 0.271886, -0.47035, -1.574835, 0.14178, 0.94541, 0.293424, 0.506405, 0.0, 0.0, 0.0, 1.0],
                [0.596539, 0.173728, -0.783556, -0.095985, -0.788845, 0.306787, -0.532545, -1.560319, 0.147867, 0.935789, 0.320055, 0.500332, 0.0, 0.0, 0.0, 1.0],
                [0.66917, 0.162694, -0.72508, -0.095477, -0.727709, 0.341085, -0.595063, -1.54544, 0.150501, 0.925846, 0.346638, 0.494624, 0.0, 0.0, 0.0, 1.0],
                [0.739312, 0.146709, -0.657187, -0.094947, -0.656595, 0.373513, -0.655264, -1.530184, 0.149334, 0.91595, 0.372471, 0.489409, 0.0, 0.0, 0.0, 1.0],
                [0.804173, 0.126269, -0.580828, -0.094405, -0.576622, 0.402893, -0.710763, -1.514536, 0.144264, 0.906495, 0.396805, 0.484818, 0.0, 0.0, 0.0, 1.0],
                [0.861404, 0.102185, -0.497535, -0.093862, -0.48953, 0.428224, -0.759595, -1.498482, 0.135437, 0.897877, 0.418896, 0.480982, 0.0, 0.0, 0.0, 1.0],
                [0.909251, 0.075537, -0.409337, -0.093326, -0.397588, 0.448752, -0.800341, -1.482007, 0.123235, 0.890458, 0.438061, 0.478029, 0.0, 0.0, 0.0, 1.0],
                [0.946683, 0.047604, -0.318629, -0.092807, -0.303441, 0.464023, -0.83223, -1.465098, 0.108234, 0.884543, 0.453728, 0.476092, 0.0, 0.0, 0.0, 1.0],
                [0.973458, 0.019763, -0.228009, -0.092316, -0.209928, 0.473909, -0.855185, -1.44774, 0.091155, 0.880352, 0.46548, 0.475299, 0.0, 0.0, 0.0, 1.0],
                [0.990113, -0.006595, -0.140118, -0.091861, -0.119905, 0.478602, -0.869807, -1.429919, 0.072797, 0.878007, 0.473079, 0.475781, 0.0, 0.0, 0.0, 1.0],
                [0.99789, -0.03016, -0.057492, -0.091451, -0.03608, 0.478577, -0.877304, -1.41162, 0.053974, 0.877528, 0.476479, 0.477669, 0.0, 0.0, 0.0, 1.0],
                [0.998607, -0.049769, 0.017538, -0.091098, 0.039094, 0.47453, -0.879371, -1.39283, 0.035443, 0.878831, 0.475815, 0.481092, 0.0, 0.0, 0.0, 1.0],
                [0.994471, -0.064458, 0.082902, -0.09081, 0.103483, 0.467297, -0.878023, -1.373533, 0.017856, 0.881747, 0.471384, 0.48618, 0.0, 0.0, 0.0, 1.0],
                [0.987743, -0.072203, 0.138381, -0.090527, 0.156085, 0.454356, -0.87704, -1.3529, 0.000451, 0.887889, 0.460057, 0.494669, 0.0, 0.0, 0.0, 1.0],
                [0.979972, -0.072012, 0.185657, -0.0902, 0.198385, 0.433841, -0.878877, -1.330361, -0.017256, 0.898107, 0.439438, 0.507642, 0.0, 0.0, 0.0, 1.0],
                [0.972044, -0.064885, 0.225654, -0.08986, 0.232233, 0.407331, -0.883261, -1.306287, -0.034605, 0.910973, 0.411012, 0.524259, 0.0, 0.0, 0.0, 1.0],
                [0.964405, -0.052069, 0.259253, -0.089533, 0.259425, 0.376161, -0.889495, -1.28105, -0.051206, 0.92509, 0.376279, 0.543676, 0.0, 0.0, 0.0, 1.0],
                [0.957183, -0.034961, 0.287365, -0.089248, 0.28167, 0.341568, -0.896657, -1.255024, -0.066807, 0.939206, 0.336791, 0.565052, 0.0, 0.0, 0.0, 1.0],
                [0.950298, -0.01504, 0.310979, -0.089034, 0.300568, 0.304805, -0.903744, -1.228581, -0.081195, 0.952296, 0.294176, 0.587542, 0.0, 0.0, 0.0, 1.0],
                [0.943533, 0.00619, 0.331222, -0.088918, 0.317625, 0.267192, -0.909793, -1.202093, -0.094131, 0.963623, 0.250138, 0.610306, 0.0, 0.0, 0.0, 1.0],
                [0.936583, 0.027253, 0.349384, -0.088929, 0.334245, 0.230152, -0.913953, -1.175933, -0.10532, 0.972773, 0.206448, 0.632501, 0.0, 0.0, 0.0, 1.0],
                [0.929079, 0.04673, 0.366918, -0.089095, 0.351746, 0.195186, -0.91552, -1.150474, -0.1144, 0.979652, 0.164906, 0.653284, 0.0, 0.0, 0.0, 1.0],
                [0.920573, 0.063265, 0.385412, -0.089445, 0.371366, 0.163836, -0.913917, -1.126086, -0.120963, 0.984457, 0.127329, 0.671813, 0.0, 0.0, 0.0, 1.0],
                [0.910512, 0.075546, 0.406522, -0.090007, 0.394263, 0.137633, -0.908633, -1.103144, -0.124594, 0.987598, 0.095531, 0.687245, 0.0, 0.0, 0.0, 1.0],
                [0.898175, 0.082255, 0.431875, -0.09081, 0.421515, 0.118026, -0.899108, -1.08202, -0.124929, 0.989598, 0.071336, 0.698738, 0.0, 0.0, 0.0, 1.0],
                [0.883994, 0.084518, 0.459794, -0.091915, 0.451248, 0.102796, -0.886458, -1.062341, -0.122186, 0.991105, 0.052732, 0.707621, 0.0, 0.0, 0.0, 1.0],
                [0.868973, 0.084548, 0.487583, -0.093334, 0.480823, 0.088749, -0.872314, -1.04343, -0.117025, 0.992459, 0.036468, 0.715776, 0.0, 0.0, 0.0, 1.0],
                [0.853051, 0.082608, 0.515247, -0.095014, 0.51014, 0.075785, -0.856746, -1.0252, -0.109822, 0.993696, 0.022507, 0.723187, 0.0, 0.0, 0.0, 1.0],
                [0.836168, 0.078965, 0.542759, -0.096902, 0.539103, 0.063809, -0.839819, -1.007565, -0.100949, 0.994833, 0.010784, 0.72984, 0.0, 0.0, 0.0, 1.0],
                [0.818261, 0.073893, 0.570078, -0.098947, 0.567634, 0.052746, -0.82159, -0.990439, -0.090779, 0.99587, 0.001216, 0.735718, 0.0, 0.0, 0.0, 1.0],
                [0.799272, 0.067662, 0.597148, -0.101097, 0.595665, 0.042533, -0.802106, -0.973736, -0.079671, 0.996801, -0.006309, 0.740808, 0.0, 0.0, 0.0, 1.0],
                [0.779154, 0.060551, 0.623901, -0.1033, 0.623135, 0.033123, -0.781412, -0.957369, -0.067981, 0.997615, -0.011923, 0.745093, 0.0, 0.0, 0.0, 1.0],
                [0.757869, 0.052842, 0.650264, -0.105503, 0.649994, 0.024489, -0.759544, -0.941252, -0.05606, 0.998303, -0.015787, 0.748559, 0.0, 0.0, 0.0, 1.0],
                [0.735398, 0.044812, 0.676152, -0.107655, 0.676189, 0.016618, -0.736541, -0.9253, -0.044242, 0.998857, -0.018081, 0.75119, 0.0, 0.0, 0.0, 1.0],
                [0.711731, 0.036741, 0.70149, -0.109703, 0.701683, 0.009516, -0.712425, -0.909424, -0.03285, 0.999279, -0.019008, 0.752972, 0.0, 0.0, 0.0, 1.0],
                [0.686876, 0.028916, 0.726199, -0.111595, 0.726435, 0.003212, -0.687227, -0.89354, -0.022204, 0.999577, -0.018799, 0.753889, 0.0, 0.0, 0.0, 1.0],
                [0.660859, 0.021601, 0.750199, -0.11328, 0.750404, -0.002254, -0.660975, -0.877562, -0.012586, 0.999764, -0.017699, 0.753926, 0.0, 0.0, 0.0, 1.0],
                [0.633707, 0.015086, 0.773426, -0.114705, 0.773561, -0.006817, -0.633685, -0.861402, -0.004288, 0.999863, -0.01599, 0.753068, 0.0, 0.0, 0.0, 1.0],
                [0.605472, 0.009624, 0.795808, -0.115818, 0.795862, -0.010391, -0.605388, -0.844974, 0.002443, 0.9999, -0.013951, 0.751299, 0.0, 0.0, 0.0, 1.0],
                [0.576195, 0.005483, 0.817294, -0.116567, 0.817279, -0.012863, -0.576098, -0.828193, 0.007354, 0.999902, -0.011893, 0.748606, 0.0, 0.0, 0.0, 1.0],
                [0.545951, 0.002923, 0.837812, -0.1169, 0.837754, -0.014161, -0.545863, -0.810972, 0.010269, 0.999895, -0.01018, 0.744971, 0.0, 0.0, 0.0, 1.0],
                [0.514026, 0.001645, 0.857773, -0.116989, 0.857706, -0.013633, -0.51396, -0.79402, 0.010848, 0.999906, -0.008418, 0.739998, 0.0, 0.0, 0.0, 1.0],
                [0.479889, 0.00101, 0.877328, -0.117022, 0.877281, -0.010979, -0.479851, -0.777956, 0.009147, 0.999939, -0.006155, 0.733411, 0.0, 0.0, 0.0, 1.0],
                [0.44375, 0.000765, 0.89615, -0.116968, 0.896135, -0.00637, -0.443737, -0.76256, 0.005369, 0.999979, -0.003512, 0.72538, 0.0, 0.0, 0.0, 1.0],
                [0.405976, 0.000608, 0.913883, -0.116795, 0.913884, -0.000103, -0.405976, -0.747611, -0.000153, 1.0, -0.000598, 0.716076, 0.0, 0.0, 0.0, 1.0],
                [0.366762, 0.000372, 0.930315, -0.116473, 0.930287, 0.007638, -0.366754, -0.73289, -0.007243, 0.999971, 0.002456, 0.705671, 0.0, 0.0, 0.0, 1.0],
                [0.326537, -0.000194, 0.945184, -0.115971, 0.945056, 0.01656, -0.326489, -0.718177, -0.015589, 0.999863, 0.005591, 0.694333, 0.0, 0.0, 0.0, 1.0],
                [0.28564, -0.001271, 0.958336, -0.115258, 0.958012, 0.026396, -0.285509, -0.70325, -0.024934, 0.999651, 0.008758, 0.682234, 0.0, 0.0, 0.0, 1.0],
                [0.244482, -0.003009, 0.969649, -0.114303, 0.969023, 0.036821, -0.24421, -0.68789, -0.034969, 0.999317, 0.011918, 0.669545, 0.0, 0.0, 0.0, 1.0],
                [0.20347, -0.005533, 0.979065, -0.113075, 0.978027, 0.047543, -0.202986, -0.671877, -0.045425, 0.998854, 0.015085, 0.656435, 0.0, 0.0, 0.0, 1.0],
                [0.163026, -0.008931, 0.986581, -0.111544, 0.985031, 0.058242, -0.162242, -0.65499, -0.056012, 0.998263, 0.018292, 0.643076, 0.0, 0.0, 0.0, 1.0],
                [0.123574, -0.01326, 0.992247, -0.109678, 0.990108, 0.068603, -0.122391, -0.637009, -0.066448, 0.997556, 0.021606, 0.629638, 0.0, 0.0, 0.0, 1.0],
                [0.085536, -0.018543, 0.996163, -0.107447, 0.993398, 0.078297, -0.083841, -0.617714, -0.076442, 0.996757, 0.025117, 0.616291, 0.0, 0.0, 0.0, 1.0],
                [0.049313, -0.024778, 0.998476, -0.10482, 0.995098, 0.087023, -0.046986, -0.596885, -0.085726, 0.995898, 0.028948, 0.603207, 0.0, 0.0, 0.0, 1.0],
                [0.0153, -0.031935, 0.999373, -0.101766, 0.995453, 0.094469, -0.012221, -0.574302, -0.094019, 0.995016, 0.033235, 0.590555, 0.0, 0.0, 0.0, 1.0],
                [-0.016137, -0.039967, 0.999071, -0.098253, 0.99475, 0.100343, 0.020081, -0.549743, -0.101052, 0.99415, 0.038138, 0.578506, 0.0, 0.0, 0.0, 1.0],
                [-0.044652, -0.04881, 0.99781, -0.094252, 0.993304, 0.104362, 0.049555, -0.52299, -0.106552, 0.993341, 0.043824, 0.567231, 0.0, 0.0, 0.0, 1.0],
                [-0.066289, -0.060606, 0.995958, -0.088173, 0.991761, 0.105653, 0.072439, -0.488715, -0.109616, 0.992554, 0.053103, 0.556119, 0.0, 0.0, 0.0, 1.0],
                [-0.078698, -0.076548, 0.993955, -0.079084, 0.990812, 0.104003, 0.086458, -0.443949, -0.109992, 0.991627, 0.06766, 0.544645, 0.0, 0.0, 0.0, 1.0],
                [-0.08397, -0.09522, 0.991908, -0.06794, 0.990566, 0.100206, 0.093475, -0.39201, -0.108296, 0.9904, 0.085907, 0.53311, 0.0, 0.0, 0.0, 1.0],
                [-0.084177, -0.115261, 0.989762, -0.055693, 0.990893, 0.095079, 0.095345, -0.336213, -0.105096, 0.988774, 0.106208, 0.521814, 0.0, 0.0, 0.0, 1.0],
                [-0.081364, -0.135323, 0.987455, -0.043297, 0.991554, 0.089402, 0.093953, -0.279877, -0.100995, 0.98676, 0.126906, 0.511056, 0.0, 0.0, 0.0, 1.0],
                [-0.077541, -0.154059, 0.985014, -0.031706, 0.99229, 0.083884, 0.091233, -0.226316, -0.096682, 0.984495, 0.146366, 0.501138, 0.0, 0.0, 0.0, 1.0],
                [-0.074674, -0.170111, 0.982592, -0.021874, 0.992868, 0.07915, 0.089158, -0.178848, -0.092938, 0.982241, 0.162987, 0.492358, 0.0, 0.0, 0.0, 1.0],
                [-0.074704, -0.182117, 0.980435, -0.014755, 0.99308, 0.075755, 0.089739, -0.140789, -0.090616, 0.980354, 0.175197, 0.485017, 0.0, 0.0, 0.0, 1.0],
                [-0.076893, -0.190468, 0.978677, -0.010324, 0.993034, 0.073267, 0.09228, -0.110816, -0.089281, 0.978956, 0.183507, 0.479101, 0.0, 0.0, 0.0, 1.0],
                [-0.079059, -0.196637, 0.977284, -0.007664, 0.992982, 0.070962, 0.094608, -0.085203, -0.087954, 0.977905, 0.189647, 0.474319, 0.0, 0.0, 0.0, 1.0],
                [-0.080953, -0.200897, 0.976262, -0.006385, 0.992941, 0.068937, 0.096522, -0.063662, -0.086691, 0.977184, 0.193898, 0.470554, 0.0, 0.0, 0.0, 1.0],
                [-0.082323, -0.203517, 0.975604, -0.0061, 0.992927, 0.067287, 0.097821, -0.045907, -0.085554, 0.976757, 0.196538, 0.467688, 0.0, 0.0, 0.0, 1.0],
                [-0.082923, -0.204768, 0.975292, -0.00642, 0.992959, 0.066104, 0.098304, -0.031652, -0.0846, 0.976576, 0.197845, 0.465605, 0.0, 0.0, 0.0, 1.0],
                [-0.082504, -0.204914, 0.975297, -0.006957, 0.993054, 0.065478, 0.097763, -0.020609, -0.083893, 0.976587, 0.198088, 0.464189, 0.0, 0.0, 0.0, 1.0],
                [-0.080819, -0.204221, 0.975583, -0.007324, 0.993225, 0.065495, 0.095991, -0.012493, -0.083499, 0.976731, 0.197544, 0.463323, 0.0, 0.0, 0.0, 1.0],
                [-0.077623, -0.202949, 0.976108, -0.007131, 0.993481, 0.066239, 0.092777, -0.007015, -0.083485, 0.976946, 0.196485, 0.462889, 0.0, 0.0, 0.0, 1.0],
                [-0.07344, -0.201299, 0.976773, -0.006517, 0.99378, 0.067445, 0.088618, -0.00306, -0.083717, 0.977205, 0.195094, 0.462701, 0.0, 0.0, 0.0, 1.0],
                [-0.068972, -0.199317, 0.977505, -0.005885, 0.994075, 0.068785, 0.084166, 0.000321, -0.084014, 0.977518, 0.193392, 0.462644, 0.0, 0.0, 0.0, 1.0],
                [-0.064241, -0.197032, 0.97829, -0.005237, 0.994361, 0.070246, 0.079444, 0.003161, -0.084374, 0.977877, 0.191408, 0.462709, 0.0, 0.0, 0.0, 1.0],
                [-0.059272, -0.194471, 0.979116, -0.004578, 0.994634, 0.071812, 0.074475, 0.005492, -0.084796, 0.978276, 0.189171, 0.462887, 0.0, 0.0, 0.0, 1.0],
                [-0.054088, -0.191664, 0.979969, -0.003912, 0.994888, 0.07347, 0.069281, 0.007346, -0.085277, 0.978707, 0.186711, 0.463169, 0.0, 0.0, 0.0, 1.0],
                [-0.048712, -0.188641, 0.980837, -0.003243, 0.995119, 0.075208, 0.063886, 0.008757, -0.085818, 0.979162, 0.184057, 0.463547, 0.0, 0.0, 0.0, 1.0],
                [-0.043168, -0.18543, 0.981709, -0.002576, 0.995324, 0.077012, 0.058313, 0.009755, -0.086416, 0.979635, 0.181239, 0.464012, 0.0, 0.0, 0.0, 1.0],
                [-0.03748, -0.182061, 0.982573, -0.001914, 0.995497, 0.078867, 0.052587, 0.010376, -0.087067, 0.980119, 0.178285, 0.464556, 0.0, 0.0, 0.0, 1.0],
                [-0.031671, -0.178564, 0.983418, -0.001263, 0.995637, 0.080764, 0.046729, 0.01065, -0.087769, 0.980608, 0.175227, 0.465169, 0.0, 0.0, 0.0, 1.0],
                [-0.025764, -0.174968, 0.984237, -0.000625, 0.995741, 0.08269, 0.040765, 0.01061, -0.088519, 0.981096, 0.172093, 0.465843, 0.0, 0.0, 0.0, 1.0],
                [-0.019783, -0.171304, 0.98502, -5e-06, 0.995807, 0.084633, 0.034718, 0.010288, -0.089312, 0.981576, 0.168911, 0.46657, 0.0, 0.0, 0.0, 1.0],
                [-0.013751, -0.167604, 0.985758, 0.000593, 0.995834, 0.086583, 0.028613, 0.009718, -0.090146, 0.982045, 0.165715, 0.46734, 0.0, 0.0, 0.0, 1.0],
                [-0.007693, -0.163895, 0.986448, 0.001164, 0.99582, 0.088529, 0.022475, 0.008931, -0.091013, 0.982497, 0.162529, 0.468146, 0.0, 0.0, 0.0, 1.0],
                [-0.00163, -0.160213, 0.987081, 0.001705, 0.995766, 0.090463, 0.016327, 0.007961, -0.09191, 0.982928, 0.159387, 0.468977, 0.0, 0.0, 0.0, 1.0],
                [0.004414, -0.156586, 0.987654, 0.002211, 0.995672, 0.092374, 0.010195, 0.00684, -0.09283, 0.983335, 0.156316, 0.469826, 0.0, 0.0, 0.0, 1.0],
                [0.010415, -0.153047, 0.988164, 0.002678, 0.99554, 0.094255, 0.004105, 0.0056, -0.093767, 0.983714, 0.153346, 0.470684, 0.0, 0.0, 0.0, 1.0],
                [0.016351, -0.149629, 0.988607, 0.003101, 0.99537, 0.096097, -0.001918, 0.004274, -0.094715, 0.984061, 0.150507, 0.471542, 0.0, 0.0, 0.0, 1.0],
                [0.022197, -0.14636, 0.988982, 0.003478, 0.995166, 0.097892, -0.007849, 0.002895, -0.095665, 0.984376, 0.147826, 0.472392, 0.0, 0.0, 0.0, 1.0],
                [0.027933, -0.143278, 0.989288, 0.003803, 0.99493, 0.099635, -0.013663, 0.001494, -0.09661, 0.984654, 0.145334, 0.473224, 0.0, 0.0, 0.0, 1.0],
                [0.033536, -0.140411, 0.989525, 0.004072, 0.994666, 0.101318, -0.019333, 0.000105, -0.097542, 0.984896, 0.14306, 0.474031, 0.0, 0.0, 0.0, 1.0],
                [0.038982, -0.137796, 0.989693, 0.004281, 0.994378, 0.102937, -0.024835, -0.00124, -0.098454, 0.985097, 0.141034, 0.474803, 0.0, 0.0, 0.0, 1.0],
                [0.04425, -0.135462, 0.989794, 0.004427, 0.99407, 0.104484, -0.030142, -0.002509, -0.099335, 0.985258, 0.139283, 0.475531, 0.0, 0.0, 0.0, 1.0],
                [0.049318, -0.133443, 0.989829, 0.004504, 0.993747, 0.105955, -0.035228, -0.003668, -0.100176, 0.985376, 0.137834, 0.476208, 0.0, 0.0, 0.0, 1.0],
                [0.054162, -0.131773, 0.989799, 0.004509, 0.993414, 0.107345, -0.040069, -0.004686, -0.10097, 0.985451, 0.136719, 0.476824, 0.0, 0.0, 0.0, 1.0],
                [0.060454, -0.131046, 0.989531, 0.004424, 0.992884, 0.109792, -0.046119, -0.005625, -0.102599, 0.985278, 0.136751, 0.477484, 0.0, 0.0, 0.0, 1.0],
                [0.069265, -0.131637, 0.988875, 0.004222, 0.991992, 0.114035, -0.054304, -0.006629, -0.105618, 0.984717, 0.138481, 0.478269, 0.0, 0.0, 0.0, 1.0],
                [0.079676, -0.133245, 0.987875, 0.003884, 0.990786, 0.119471, -0.063796, -0.007792, -0.109522, 0.983856, 0.141536, 0.479139, 0.0, 0.0, 0.0, 1.0],
                [0.090765, -0.135584, 0.9866, 0.003391, 0.989348, 0.125494, -0.073772, -0.009207, -0.11381, 0.982786, 0.14553, 0.480052, 0.0, 0.0, 0.0, 1.0],
                [0.101615, -0.138394, 0.985151, 0.002727, 0.987801, 0.131496, -0.083416, -0.010966, -0.117999, 0.981609, 0.150068, 0.480965, 0.0, 0.0, 0.0, 1.0],
                [0.111306, -0.141434, 0.98367, 0.001871, 0.986316, 0.136855, -0.091928, -0.013162, -0.121618, 0.980442, 0.154732, 0.481837, 0.0, 0.0, 0.0, 1.0],
                [0.118914, -0.144489, 0.982335, 0.000806, 0.985104, 0.140945, -0.098518, -0.015889, -0.12422, 0.979417, 0.159097, 0.482626, 0.0, 0.0, 0.0, 1.0],
                [0.123517, -0.147351, 0.981342, -0.000487, 0.984391, 0.143131, -0.102409, -0.019238, -0.12537, 0.978673, 0.16273, 0.483291, 0.0, 0.0, 0.0, 1.0],
                [0.124189, -0.149814, 0.980884, -0.002026, 0.9844, 0.142772, -0.102828, -0.023303, -0.124638, 0.978352, 0.165207, 0.483789, 0.0, 0.0, 0.0, 1.0],
                [0.119999, -0.151642, 0.981124, -0.003829, 0.9853, 0.139227, -0.098991, -0.028177, -0.121588, 0.978581, 0.16612, 0.484079, 0.0, 0.0, 0.0, 1.0],
                [0.110011, -0.152546, 0.982155, -0.005916, 0.987167, 0.131852, -0.090094, -0.033952, -0.115756, 0.979461, 0.165093, 0.48412, 0.0, 0.0, 0.0, 1.0],
                [0.093289, -0.152146, 0.983946, -0.008303, 0.989912, 0.120019, -0.075296, -0.040722, -0.106636, 0.981044, 0.161807, 0.483868, 0.0, 0.0, 0.0, 1.0],
                [0.069289, -0.149559, 0.986322, -0.010928, 0.993229, 0.102765, -0.054191, -0.047515, -0.093254, 0.983398, 0.155667, 0.482982, 0.0, 0.0, 0.0, 1.0],
                [0.038706, -0.144283, 0.988779, -0.013728, 0.996403, 0.080219, -0.027299, -0.053617, -0.07538, 0.98628, 0.146869, 0.481288, 0.0, 0.0, 0.0, 1.0],
                [0.002524, -0.136434, 0.990646, -0.016727, 0.998559, 0.053443, 0.004816, -0.059494, -0.0536, 0.989207, 0.136372, 0.479, 0.0, 0.0, 0.0, 1.0],
                [-0.038241, -0.126166, 0.991272, -0.019948, 0.998861, 0.023519, 0.041527, -0.065617, -0.028553, 0.99173, 0.125123, 0.476332, 0.0, 0.0, 0.0, 1.0],
                [-0.082552, -0.113722, 0.990077, -0.023416, 0.996586, -0.008468, 0.082122, -0.072457, -0.000955, 0.993477, 0.114032, 0.473497, 0.0, 0.0, 0.0, 1.0],
                [-0.129341, -0.09947, 0.986598, -0.027154, 0.991194, -0.041434, 0.125766, -0.080481, 0.028369, 0.994178, 0.103953, 0.47071, 0.0, 0.0, 0.0, 1.0],
                [-0.177581, -0.083904, 0.980523, -0.031184, 0.982365, -0.074355, 0.171552, -0.09016, 0.058513, 0.993696, 0.095629, 0.468184, 0.0, 0.0, 0.0, 1.0],
                [-0.226285, -0.067667, 0.971708, -0.035532, 0.970034, -0.106275, 0.218495, -0.101965, 0.088484, 0.992032, 0.089688, 0.466134, 0.0, 0.0, 0.0, 1.0],
                [-0.274533, -0.051538, 0.960196, -0.04022, 0.954406, -0.136339, 0.265559, -0.116364, 0.117226, 0.989321, 0.086617, 0.464772, 0.0, 0.0, 0.0, 1.0],
                [-0.321519, -0.036415, 0.946203, -0.045273, 0.935943, -0.16382, 0.311728, -0.133826, 0.143655, 0.985818, 0.086754, 0.464314, 0.0, 0.0, 0.0, 1.0],
                [-0.366547, -0.023299, 0.930108, -0.050712, 0.915348, -0.188121, 0.356018, -0.154822, 0.166678, 0.98187, 0.090282, 0.464972, 0.0, 0.0, 0.0, 1.0],
                [-0.409032, -0.013268, 0.912423, -0.056563, 0.893524, -0.20878, 0.397524, -0.179821, 0.185221, 0.977873, 0.097253, 0.466961, 0.0, 0.0, 0.0, 1.0],
                [-0.448865, -0.008961, 0.893554, -0.06314, 0.871243, -0.226663, 0.435385, -0.211642, 0.198634, 0.973932, 0.109548, 0.470875, 0.0, 0.0, 0.0, 1.0],
                [-0.48723, -0.011046, 0.873204, -0.070668, 0.848372, -0.243072, 0.4703, -0.251795, 0.207056, 0.969945, 0.127803, 0.476931, 0.0, 0.0, 0.0, 1.0],
                [-0.525377, -0.017634, 0.850687, -0.079036, 0.824366, -0.258138, 0.503771, -0.298782, 0.210711, 0.965947, 0.150156, 0.484774, 0.0, 0.0, 0.0, 1.0],
                [-0.564332, -0.02679, 0.825114, -0.088133, 0.798415, -0.271848, 0.537245, -0.351104, 0.209912, 0.961967, 0.174802, 0.494049, 0.0, 0.0, 0.0, 1.0],
                [-0.604917, -0.036561, 0.795449, -0.097848, 0.769434, -0.284076, 0.572076, -0.407275, 0.205053, 0.958104, 0.199974, 0.504402, 0.0, 0.0, 0.0, 1.0],
                [-0.647725, -0.044994, 0.760545, -0.10807, 0.736069, -0.294569, 0.609453, -0.465788, 0.196611, 0.954571, 0.223918, 0.515477, 0.0, 0.0, 0.0, 1.0],
                [-0.693082, -0.050178, 0.71911, -0.118688, 0.696663, -0.30291, 0.650312, -0.525147, 0.185194, 0.951697, 0.244899, 0.52692, 0.0, 0.0, 0.0, 1.0],
                [-0.740978, -0.05029, 0.669643, -0.129591, 0.649238, -0.308444, 0.695235, -0.583867, 0.171584, 0.949912, 0.261201, 0.538377, 0.0, 0.0, 0.0, 1.0],
                [-0.802714, -0.043794, 0.594754, -0.143544, 0.577728, -0.304475, 0.757315, -0.653399, 0.147922, 0.951513, 0.269708, 0.55316, 0.0, 0.0, 0.0, 1.0],
                [-0.872126, -0.033518, 0.488133, -0.160715, 0.476126, -0.287934, 0.830902, -0.735622, 0.1127, 0.957063, 0.267074, 0.571849, 0.0, 0.0, 0.0, 1.0],
                [-0.928499, -0.02346, 0.370594, -0.177093, 0.363272, -0.264239, 0.893427, -0.814641, 0.076965, 0.964172, 0.253868, 0.589983, 0.0, 0.0, 0.0, 1.0],
                [-0.962749, -0.01508, 0.269978, -0.188665, 0.265593, -0.240141, 0.933699, -0.874549, 0.050752, 0.970621, 0.235201, 0.603098, 0.0, 0.0, 0.0, 1.0],
                [-0.980591, -0.007283, 0.195927, -0.195655, 0.192822, -0.216762, 0.956992, -0.91586, 0.035499, 0.976197, 0.21396, 0.611856, 0.0, 0.0, 0.0, 1.0],
                [-0.990921, 0.000268, 0.134444, -0.201192, 0.131921, -0.190897, 0.972705, -0.950834, 0.025926, 0.98161, 0.189128, 0.619842, 0.0, 0.0, 0.0, 1.0],
                [-0.996762, 0.007173, 0.080087, -0.205628, 0.077842, -0.163519, 0.983465, -0.981203, 0.02015, 0.986514, 0.162431, 0.626991, 0.0, 0.0, 0.0, 1.0],
                [-0.999552, 0.012843, 0.027057, -0.209315, 0.025068, -0.135599, 0.990447, -1.008697, 0.016389, 0.990681, 0.135216, 0.633235, 0.0, 0.0, 0.0, 1.0],
                [-0.999399, 0.016459, -0.030539, -0.212602, -0.032143, -0.108123, 0.993618, -1.035046, 0.013052, 0.994001, 0.108587, 0.638507, 0.0, 0.0, 0.0, 1.0],
                [-0.994994, 0.016982, -0.098479, -0.215843, -0.099549, -0.082148, 0.991636, -1.061982, 0.00875, 0.996476, 0.083427, 0.64274, 0.0, 0.0, 0.0, 1.0],
                [-0.983182, 0.013239, -0.18215, -0.219387, -0.182616, -0.058919, 0.981418, -1.091234, 0.002261, 0.998175, 0.060346, 0.645866, 0.0, 0.0, 0.0, 1.0],
                [-0.958219, 0.004093, -0.286008, -0.223588, -0.285938, -0.040064, 0.95741, -1.124537, -0.00754, 0.999189, 0.03956, 0.647819, 0.0, 0.0, 0.0, 1.0],
                [-0.909448, -0.013974, -0.415583, -0.228577, -0.41515, -0.026103, 0.909379, -1.163058, -0.023556, 0.999562, 0.017938, 0.648544, 0.0, 0.0, 0.0, 1.0],
                [-0.826197, -0.041245, -0.56187, -0.234079, -0.561623, -0.018447, 0.827188, -1.205649, -0.044482, 0.998979, -0.007923, 0.64808, 0.0, 0.0, 0.0, 1.0],
                [-0.705108, -0.072884, -0.705344, -0.239828, -0.706085, -0.019474, 0.70786, -1.250573, -0.065328, 0.99715, -0.037732, 0.646504, 0.0, 0.0, 0.0, 1.0],
                [-0.551176, -0.103406, -0.827956, -0.245558, -0.830355, -0.02948, 0.556455, -1.296073, -0.081949, 0.994202, -0.069615, 0.643892, 0.0, 0.0, 0.0, 1.0],
                [-0.377364, -0.127787, -0.917206, -0.251004, -0.921509, -0.046311, 0.385586, -1.340412, -0.09175, 0.99072, -0.100281, 0.640319, 0.0, 0.0, 0.0, 1.0],
                [-0.201758, -0.142492, -0.969015, -0.255901, -0.974911, -0.065767, 0.212657, -1.381844, -0.094031, 0.987609, -0.125648, 0.635863, 0.0, 0.0, 0.0, 1.0],
                [-0.043426, -0.146045, -0.988324, -0.259982, -0.995012, -0.082601, 0.055926, -1.418615, -0.089804, 0.985824, -0.141729, 0.630599, 0.0, 0.0, 0.0, 1.0],
                [0.081147, -0.138797, -0.986991, -0.262983, -0.993406, -0.091736, -0.068774, -1.448988, -0.080997, 0.986063, -0.145326, 0.624602, 0.0, 0.0, 0.0, 1.0],
                [0.180396, -0.125083, -0.975608, -0.265295, -0.981041, -0.094302, -0.16931, -1.474622, -0.070824, 0.987654, -0.139724, 0.618231, 0.0, 0.0, 0.0, 1.0],
                [0.271728, -0.108812, -0.956203, -0.267482, -0.960406, -0.094172, -0.262206, -1.498478, -0.061516, 0.989592, -0.130093, 0.611771, 0.0, 0.0, 0.0, 1.0],
                [0.355219, -0.090523, -0.93039, -0.269537, -0.933255, -0.091231, -0.347436, -1.520764, -0.05343, 0.991707, -0.116888, 0.605194, 0.0, 0.0, 0.0, 1.0],
                [0.431162, -0.070713, -0.899499, -0.271451, -0.90106, -0.085458, -0.425192, -1.541691, -0.046803, 0.993829, -0.100563, 0.59847, 0.0, 0.0, 0.0, 1.0],
                [0.499999, -0.049852, -0.86459, -0.273216, -0.865018, -0.076907, -0.495812, -1.561467, -0.041776, 0.995791, -0.081577, 0.59157, 0.0, 0.0, 0.0, 1.0],
                [0.562253, -0.028375, -0.826479, -0.274824, -0.826073, -0.065693, -0.559721, -1.580299, -0.038412, 0.997436, -0.060376, 0.584466, 0.0, 0.0, 0.0, 1.0],
                [0.618498, -0.006684, -0.785758, -0.276267, -0.784928, -0.051973, -0.617403, -1.5984, -0.036711, 0.998626, -0.037392, 0.577127, 0.0, 0.0, 0.0, 1.0],
                [0.669297, 0.014823, -0.742847, -0.277538, -0.742092, -0.03595, -0.669334, -1.615974, -0.036627, 0.999244, -0.013061, 0.569525, 0.0, 0.0, 0.0, 1.0],
                [0.715196, 0.03578, -0.698007, -0.278627, -0.697885, -0.017859, -0.715987, -1.633231, -0.038084, 0.9992, 0.012198, 0.561631, 0.0, 0.0, 0.0, 1.0],
                [0.756713, 0.055816, -0.65136, -0.279527, -0.652462, 0.002052, -0.757818, -1.650382, -0.040962, 0.998439, 0.037971, 0.553415, 0.0, 0.0, 0.0, 1.0],
                [0.794291, 0.074582, -0.602942, -0.28023, -0.605858, 0.023499, -0.795225, -1.667632, -0.045141, 0.996938, 0.063851, 0.544849, 0.0, 0.0, 0.0, 1.0],
                [0.828326, 0.091724, -0.552686, -0.280728, -0.557968, 0.046186, -0.828577, -1.685193, -0.050474, 0.994713, 0.089436, 0.535903, 0.0, 0.0, 0.0, 1.0],
                [0.85913, 0.106903, -0.500468, -0.281012, -0.508595, 0.069798, -0.858172, -1.703273, -0.05681, 0.991816, 0.114336, 0.526547, 0.0, 0.0, 0.0, 1.0],
                [0.886922, 0.11978, -0.446119, -0.281075, -0.457467, 0.093996, -0.884245, -1.722078, -0.063981, 0.988341, 0.138162, 0.516754, 0.0, 0.0, 0.0, 1.0],
                [0.911838, 0.130031, -0.389413, -0.280909, -0.40422, 0.118429, -0.906963, -1.74182, -0.071816, 0.984412, 0.160549, 0.506493, 0.0, 0.0, 0.0, 1.0],
                [0.933899, 0.137344, -0.330104, -0.280505, -0.348443, 0.142718, -0.926401, -1.762706, -0.080124, 0.980188, 0.18114, 0.495736, 0.0, 0.0, 0.0, 1.0],
                [0.952217, 0.141929, -0.270444, -0.279048, -0.292513, 0.169058, -0.941199, -1.786239, -0.087863, 0.975334, 0.202496, 0.482485, 0.0, 0.0, 0.0, 1.0],
                [0.966253, 0.144144, -0.213487, -0.276029, -0.239611, 0.198732, -0.950311, -1.812909, -0.094555, 0.969396, 0.226564, 0.465618, 0.0, 0.0, 0.0, 1.0],
                [0.976519, 0.144105, -0.160141, -0.271898, -0.190448, 0.229979, -0.954379, -1.84141, -0.100702, 0.962467, 0.252023, 0.446415, 0.0, 0.0, 0.0, 1.0],
                [0.983571, 0.142168, -0.111245, -0.267107, -0.14567, 0.261105, -0.954256, -1.870436, -0.106618, 0.954784, 0.277526, 0.426159, 0.0, 0.0, 0.0, 1.0],
                [0.988001, 0.138892, -0.067546, -0.262108, -0.105855, 0.290505, -0.951, -1.89868, -0.112464, 0.94674, 0.301722, 0.406133, 0.0, 0.0, 0.0, 1.0],
                [0.990402, 0.134989, -0.029681, -0.257353, -0.071508, 0.316678, -0.945834, -1.924834, -0.118278, 0.938878, 0.323292, 0.387617, 0.0, 0.0, 0.0, 1.0],
                [0.991345, 0.131273, 0.001807, -0.253293, -0.043074, 0.338223, -0.94008, -1.947593, -0.124018, 0.931865, 0.34095, 0.371895, 0.0, 0.0, 0.0, 1.0],
                [0.991344, 0.128594, 0.026458, -0.250379, -0.020938, 0.35381, -0.935083, -1.965649, -0.129607, 0.926435, 0.35344, 0.360248, 0.0, 0.0, 0.0, 1.0],
                [0.990833, 0.127237, 0.045404, -0.248322, -0.004184, 0.364827, -0.931066, -1.980133, -0.13503, 0.92234, 0.362015, 0.351712, 0.0, 0.0, 0.0, 1.0],
                [0.990082, 0.126865, 0.060357, -0.246514, 0.008657, 0.373705, -0.927507, -1.993127, -0.140224, 0.918831, 0.368901, 0.34439, 0.0, 0.0, 0.0, 1.0],
                [0.989257, 0.127351, 0.071777, -0.244929, 0.018071, 0.380699, -0.924522, -2.004758, -0.145064, 0.915887, 0.374308, 0.338163, 0.0, 0.0, 0.0, 1.0],
                [0.988464, 0.128535, 0.080108, -0.243545, 0.024535, 0.386042, -0.922155, -2.015143, -0.149454, 0.913482, 0.378435, 0.332915, 0.0, 0.0, 0.0, 1.0],
                [0.987765, 0.13023, 0.085791, -0.242336, 0.028527, 0.389957, -0.920391, -2.024405, -0.153317, 0.911578, 0.381471, 0.32853, 0.0, 0.0, 0.0, 1.0],
                [0.987191, 0.132228, 0.089266, -0.241277, 0.030523, 0.392656, -0.919179, -2.032669, -0.156592, 0.91013, 0.38359, 0.324888, 0.0, 0.0, 0.0, 1.0],
                [0.986755, 0.134311, 0.090964, -0.240344, 0.03099, 0.39435, -0.918438, -2.040053, -0.159228, 0.909092, 0.384965, 0.321873, 0.0, 0.0, 0.0, 1.0],
                [0.986457, 0.136248, 0.091318, -0.239512, 0.030397, 0.395248, -0.918072, -2.046682, -0.161178, 0.908414, 0.385753, 0.319368, 0.0, 0.0, 0.0, 1.0],
                [0.986292, 0.137805, 0.090758, -0.238757, 0.029204, 0.395558, -0.917977, -2.052679, -0.162402, 0.908044, 0.386111, 0.317254, 0.0, 0.0, 0.0, 1.0],
                [0.986256, 0.138745, 0.08972, -0.238054, 0.027877, 0.395493, -0.918046, -2.058162, -0.162858, 0.907929, 0.386189, 0.315415, 0.0, 0.0, 0.0, 1.0],
                [0.986341, 0.138832, 0.088635, -0.237379, 0.026873, 0.395267, -0.918173, -2.063257, -0.162506, 0.908014, 0.386137, 0.313734, 0.0, 0.0, 0.0, 1.0],
                [0.986545, 0.137827, 0.087937, -0.236706, 0.026652, 0.395092, -0.918255, -2.068084, -0.161304, 0.908243, 0.386103, 0.312093, 0.0, 0.0, 0.0, 1.0],
                [0.986914, 0.135818, 0.086916, -0.236057, 0.026582, 0.394613, -0.918463, -2.072602, -0.159042, 0.908754, 0.385838, 0.310613, 0.0, 0.0, 0.0, 1.0],
                [0.987476, 0.133119, 0.08468, -0.235466, 0.025776, 0.393394, -0.919009, -2.076699, -0.15565, 0.909682, 0.385036, 0.309477, 0.0, 0.0, 0.0, 1.0],
                [0.988189, 0.129835, 0.081392, -0.23493, 0.02432, 0.391534, -0.919842, -2.08039, -0.151295, 0.910958, 0.383752, 0.308655, 0.0, 0.0, 0.0, 1.0],
                [0.989012, 0.126066, 0.077218, -0.234445, 0.0223, 0.389129, -0.920913, -2.083689, -0.146144, 0.912516, 0.382042, 0.308119, 0.0, 0.0, 0.0, 1.0],
                [0.989902, 0.121917, 0.072324, -0.234008, 0.019801, 0.386278, -0.92217, -2.086612, -0.140365, 0.91429, 0.379964, 0.307842, 0.0, 0.0, 0.0, 1.0],
                [0.99082, 0.117489, 0.066873, -0.233615, 0.016909, 0.383077, -0.923562, -2.089174, -0.134126, 0.916214, 0.377574, 0.307795, 0.0, 0.0, 0.0, 1.0],
                [0.991731, 0.11289, 0.061031, -0.233263, 0.013714, 0.379622, -0.92504, -2.091389, -0.127596, 0.918228, 0.374935, 0.307949, 0.0, 0.0, 0.0, 1.0],
                [0.992606, 0.108227, 0.054957, -0.232948, 0.010303, 0.376009, -0.926559, -2.093272, -0.120943, 0.920274, 0.372114, 0.308277, 0.0, 0.0, 0.0, 1.0],
                [0.993419, 0.10361, 0.048817, -0.232667, 0.006773, 0.372331, -0.928075, -2.09484, -0.114334, 0.922299, 0.369179, 0.30875, 0.0, 0.0, 0.0, 1.0],
                [0.994153, 0.099153, 0.042769, -0.232416, 0.003219, 0.368682, -0.92955, -2.096105, -0.107936, 0.924252, 0.366207, 0.30934, 0.0, 0.0, 0.0, 1.0],
                [0.994793, 0.094973, 0.036972, -0.232193, -0.000262, 0.365152, -0.930948, -2.097084, -0.101915, 0.926091, 0.363275, 0.310019, 0.0, 0.0, 0.0, 1.0],
                [0.995333, 0.091187, 0.031585, -0.231993, -0.003567, 0.361833, -0.932236, -2.097791, -0.096436, 0.927773, 0.36047, 0.310758, 0.0, 0.0, 0.0, 1.0],
                [0.995768, 0.087917, 0.026765, -0.231813, -0.006592, 0.358815, -0.933385, -2.098242, -0.091664, 0.929259, 0.357876, 0.31153, 0.0, 0.0, 0.0, 1.0],
                [0.996099, 0.085285, 0.022666, -0.23165, -0.009235, 0.356187, -0.934369, -2.098451, -0.087761, 0.930515, 0.355585, 0.312306, 0.0, 0.0, 0.0, 1.0],
                [0.996325, 0.083415, 0.019444, -0.2315, -0.01139, 0.354038, -0.935162, -2.098433, -0.08489, 0.931504, 0.353687, 0.313058, 0.0, 0.0, 0.0, 1.0],
                [0.996448, 0.082429, 0.017254, -0.231359, -0.012953, 0.352455, -0.935739, -2.098203, -0.083213, 0.932191, 0.352271, 0.313757, 0.0, 0.0, 0.0, 1.0],
                [0.996505, 0.082011, 0.015883, -0.231227, -0.013988, 0.351274, -0.936168, -2.09783, -0.082355, 0.932674, 0.351193, 0.314419, 0.0, 0.0, 0.0, 1.0],
                [0.996539, 0.081759, 0.014987, -0.231104, -0.014652, 0.35026, -0.936538, -2.097373, -0.081819, 0.933077, 0.350246, 0.315079, 0.0, 0.0, 0.0, 1.0],
                [0.996554, 0.081666, 0.014525, -0.230989, -0.014978, 0.3494, -0.936854, -2.096833, -0.081584, 0.933408, 0.349419, 0.31574, 0.0, 0.0, 0.0, 1.0],
                [0.99655, 0.081726, 0.014456, -0.230883, -0.015001, 0.348682, -0.937121, -2.096212, -0.081628, 0.933671, 0.348705, 0.316402, 0.0, 0.0, 0.0, 1.0],
                [0.996529, 0.081932, 0.014742, -0.230786, -0.014753, 0.348091, -0.937345, -2.095511, -0.08193, 0.933874, 0.348091, 0.317069, 0.0, 0.0, 0.0, 1.0],
                [0.996491, 0.082277, 0.01534, -0.230696, -0.01427, 0.347616, -0.937529, -2.094733, -0.08247, 0.93402, 0.34757, 0.317742, 0.0, 0.0, 0.0, 1.0],
