{
    "animation": [
        {
            "name": "Root",
            "time": [0.0, 0.0167, 0.0333, 0.05, 0.0667, 0.0833, 0.1, 0.1167, 0.1333, 0.15, 0.1667, 0.1833, 0.2, 0.2167, 0.2333, 0.25, 0.2667, 0.2833, 0.3, 0.3167, 0.3333, 0.35, 0.3667, 0.3833, 0.4, 0.4167, 0.4333, 0.45, 0.4667, 0.4833, 0.5, 0.5167, 0.5333, 0.55, 0.5667, 0.5833, 0.6, 0.6167, 0.6333, 0.65, 0.6667, 0.6833, 0.7, 0.7167, 0.7333, 0.75, 0.7667, 0.7833, 0.8, 0.8167, 0.8333, 0.85, 0.8667, 0.8833, 0.9, 0.9167, 0.9333, 0.95, 0.9667, 0.9833, 1.0, 1.0167, 1.0333, 1.05, 1.0667, 1.0833, 1.1, 1.1167, 1.1333, 1.15, 1.1667, 1.1833, 1.2, 1.2167, 1.2333, 1.25, 1.2667, 1.2833, 1.3, 1.3167, 1.3333, 1.35, 1.3667, 1.3833, 1.4, 1.4167, 1.4333, 1.45, 1.4667, 1.4833, 1.5, 1.5167, 1.5333, 1.55, 1.5667, 1.5833, 1.6, 1.6167, 1.6333, 1.65, 1.6667],
            "transform": [
                [-0.726688, -0.048005, 0.685289, -5e-06, 0.668758, 0.178729, 0.721678, 0.025268, -0.157125, 0.982727, -0.097776, 0.663649, 0.0, 0.0, 0.0, 1.0],
                [-0.752413, -0.018439, 0.658433, -5e-06, 0.646843, 0.168062, 0.743875, 0.051343, -0.124374, 0.985604, -0.114525, 0.676061, 0.0, 0.0, 0.0, 1.0],
                [-0.827179, 0.034686, 0.560868, -5e-06, 0.559025, 0.152316, 0.815041, 0.122118, -0.057159, 0.987723, -0.145383, 0.706365, 0.0, 0.0, 0.0, 1.0],
                [-0.933073, 0.053036, 0.355756, -5e-06, 0.359645, 0.152766, 0.920499, 0.226418, -0.005528, 0.986838, -0.161616, 0.74416, 0.0, 0.0, 0.0, 1.0],
                [-0.996809, -0.077063, 0.020833, -5e-06, 0.010777, 0.128677, 0.991628, 0.353067, -0.079099, 0.988688, -0.127435, 0.769057, 0.0, 0.0, 0.0, 1.0],
                [-0.908015, -0.182689, -0.377005, -5e-06, -0.388356, 0.029545, 0.921036, 0.490892, -0.157125, 0.982727, -0.097776, 0.759288, 0.0, 0.0, 0.0, 1.0],
                [-0.647786, -0.137057, -0.749393, -5e-06, -0.751831, -0.043784, 0.657901, 0.628717, -0.122981, 0.989595, -0.074681, 0.734783, 0.0, 0.0, 0.0, 1.0],
                [-0.167347, -0.04259, -0.984978, -5e-06, -0.983852, -0.057123, 0.169626, 0.755367, -0.063489, 0.997458, -0.032343, 0.70275, 0.0, 0.0, 0.0, 1.0],
                [0.388803, 0.047111, -0.920116, -5e-06, -0.921205, 0.004053, -0.389056, 0.859667, -0.014599, 0.998881, 0.044974, 0.670395, 0.0, 0.0, 0.0, 1.0],
                [0.749036, 0.084283, -0.657147, -5e-06, -0.662528, 0.093226, -0.743213, 0.930442, -0.001377, 0.992071, 0.12567, 0.644926, 0.0, 0.0, 0.0, 1.0],
                [0.865247, 0.089257, -0.493336, -5e-06, -0.501339, 0.149347, -0.852264, 0.956517, -0.002392, 0.984748, 0.17397, 0.633547, 0.0, 0.0, 0.0, 1.0],
                [0.884753, 0.092163, -0.456856, -5e-06, -0.466059, 0.176568, -0.866956, 0.956517, 0.000765, 0.979964, 0.199173, 0.631703, 0.0, 0.0, 0.0, 1.0],
                [0.900985, 0.093065, -0.423751, -5e-06, -0.433834, 0.201549, -0.878161, 0.956517, 0.003681, 0.975047, 0.221967, 0.630027, 0.0, 0.0, 0.0, 1.0],
                [0.914419, 0.092324, -0.3941, -5e-06, -0.404717, 0.224273, -0.886513, 0.956517, 0.006539, 0.970143, 0.242444, 0.62851, 0.0, 0.0, 0.0, 1.0],
                [0.925483, 0.090265, -0.367877, -5e-06, -0.37867, 0.244778, -0.892576, 0.956517, 0.00948, 0.965368, 0.260718, 0.627145, 0.0, 0.0, 0.0, 1.0],
                [0.934556, 0.087169, -0.344973, -5e-06, -0.355592, 0.263139, -0.896834, 0.956517, 0.012599, 0.960812, 0.276915, 0.625923, 0.0, 0.0, 0.0, 1.0],
                [0.941967, 0.083281, -0.325213, -5e-06, -0.335327, 0.279458, -0.899699, 0.956517, 0.015956, 0.956539, 0.291166, 0.624837, 0.0, 0.0, 0.0, 1.0],
                [0.947994, 0.078805, -0.308377, -5e-06, -0.317684, 0.293853, -0.901514, 0.956517, 0.019574, 0.952597, 0.303606, 0.623878, 0.0, 0.0, 0.0, 1.0],
                [0.952878, 0.073914, -0.29421, -5e-06, -0.302445, 0.30645, -0.90256, 0.956517, 0.023448, 0.949013, 0.314365, 0.62304, 0.0, 0.0, 0.0, 1.0],
                [0.956821, 0.068753, -0.282431, -5e-06, -0.289371, 0.317383, -0.903068, 0.956517, 0.02755, 0.945802, 0.323574, 0.622312, 0.0, 0.0, 0.0, 1.0],
                [0.959992, 0.06344, -0.272745, -5e-06, -0.278212, 0.326784, -0.903222, 0.956517, 0.031828, 0.942967, 0.33136, 0.621689, 0.0, 0.0, 0.0, 1.0],
                [0.962541, 0.058074, -0.264844, -5e-06, -0.268707, 0.334782, -0.903171, 0.956517, 0.036214, 0.940504, 0.337846, 0.621161, 0.0, 0.0, 0.0, 1.0],
                [0.964594, 0.052737, -0.258413, -5e-06, -0.260592, 0.341505, -0.903032, 0.956517, 0.040626, 0.938399, 0.343156, 0.620721, 0.0, 0.0, 0.0, 1.0],
                [0.966265, 0.047498, -0.253133, -5e-06, -0.253594, 0.347075, -0.9029, 0.956517, 0.04497, 0.936634, 0.347412, 0.620361, 0.0, 0.0, 0.0, 1.0],
                [0.967656, 0.042415, -0.248682, -5e-06, -0.247441, 0.351611, -0.902853, 0.956517, 0.049145, 0.935185, 0.350734, 0.620072, 0.0, 0.0, 0.0, 1.0],
                [0.968862, 0.037541, -0.244739, -5e-06, -0.241853, 0.355226, -0.902952, 0.956517, 0.05304, 0.934027, 0.353244, 0.619848, 0.0, 0.0, 0.0, 1.0],
                [0.969972, 0.03292, -0.24098, -5e-06, -0.236554, 0.358028, -0.903249, 0.956517, 0.056543, 0.93313, 0.355064, 0.619679, 0.0, 0.0, 0.0, 1.0],
                [0.971068, 0.028595, -0.237083, -5e-06, -0.231261, 0.360123, -0.903786, 0.956517, 0.059536, 0.932466, 0.356317, 0.619558, 0.0, 0.0, 0.0, 1.0],
                [0.972231, 0.024606, -0.232728, -5e-06, -0.22569, 0.361614, -0.904599, 0.956517, 0.061899, 0.932003, 0.357126, 0.619477, 0.0, 0.0, 0.0, 1.0],
                [0.973531, 0.020992, -0.227591, -5e-06, -0.219555, 0.3626, -0.905713, 0.956517, 0.063512, 0.931708, 0.357611, 0.619427, 0.0, 0.0, 0.0, 1.0],
                [0.975032, 0.017792, -0.221351, -5e-06, -0.212567, 0.36318, -0.907147, 0.956517, 0.064251, 0.931549, 0.357894, 0.619402, 0.0, 0.0, 0.0, 1.0],
                [0.976787, 0.015043, -0.213686, -5e-06, -0.204433, 0.363451, -0.908906, 0.956517, 0.063992, 0.931492, 0.358089, 0.619393, 0.0, 0.0, 0.0, 1.0],
                [0.978831, 0.012782, -0.20427, -5e-06, -0.194858, 0.36351, -0.910983, 0.956517, 0.06261, 0.931503, 0.358305, 0.619392, 0.0, 0.0, 0.0, 1.0],
                [0.981151, 0.010693, -0.192947, -5e-06, -0.183598, 0.363089, -0.913487, 0.956517, 0.060289, 0.931693, 0.358208, 0.619453, 0.0, 0.0, 0.0, 1.0],
                [0.983639, 0.008463, -0.179952, -5e-06, -0.170774, 0.36188, -0.916449, 0.956517, 0.057365, 0.932186, 0.357405, 0.619634, 0.0, 0.0, 0.0, 1.0],
                [0.986182, 0.006139, -0.165554, -5e-06, -0.156641, 0.359925, -0.919738, 0.956517, 0.053941, 0.932961, 0.355913, 0.619927, 0.0, 0.0, 0.0, 1.0],
                [0.988675, 0.003769, -0.150026, -5e-06, -0.141456, 0.357268, -0.923228, 0.956517, 0.05012, 0.933994, 0.353755, 0.620327, 0.0, 0.0, 0.0, 1.0],
                [0.991029, 0.0014, -0.133643, -5e-06, -0.125482, 0.353953, -0.926807, 0.956517, 0.046006, 0.935262, 0.350953, 0.620827, 0.0, 0.0, 0.0, 1.0],
                [0.993168, -0.000921, -0.116686, -5e-06, -0.108984, 0.350028, -0.930378, 0.956517, 0.0417, 0.936739, 0.347536, 0.62142, 0.0, 0.0, 0.0, 1.0],
                [0.995039, -0.003153, -0.099439, -5e-06, -0.09223, 0.345543, -0.93386, 0.956517, 0.037305, 0.938398, 0.343538, 0.622101, 0.0, 0.0, 0.0, 1.0],
                [0.996603, -0.005256, -0.082188, -5e-06, -0.075493, 0.340551, -0.93719, 0.956517, 0.032915, 0.940211, 0.338997, 0.622863, 0.0, 0.0, 0.0, 1.0],
                [0.997845, -0.007197, -0.065223, -5e-06, -0.059047, 0.335107, -0.940328, 0.956517, 0.028624, 0.942153, 0.33396, 0.6237, 0.0, 0.0, 0.0, 1.0],
                [0.998767, -0.008948, -0.048831, -5e-06, -0.043167, 0.329267, -0.94325, 0.956517, 0.024519, 0.944195, 0.328474, 0.624605, 0.0, 0.0, 0.0, 1.0],
                [0.99939, -0.010489, -0.033301, -5e-06, -0.028129, 0.323088, -0.945951, 0.956517, 0.020681, 0.946311, 0.322596, 0.625572, 0.0, 0.0, 0.0, 1.0],
                [0.999751, -0.011803, -0.018918, -5e-06, -0.014209, 0.316631, -0.948442, 0.956517, 0.017184, 0.948475, 0.316385, 0.626595, 0.0, 0.0, 0.0, 1.0],
                [0.999899, -0.012883, -0.005966, -5e-06, -0.00168, 0.309954, -0.95075, 0.956517, 0.014098, 0.950664, 0.309901, 0.627667, 0.0, 0.0, 0.0, 1.0],
                [0.999892, -0.013726, 0.005271, -5e-06, 0.009184, 0.303115, -0.95291, 0.956517, 0.011482, 0.952855, 0.303208, 0.628783, 0.0, 0.0, 0.0, 1.0],
                [0.999792, -0.014338, 0.014514, -5e-06, 0.018111, 0.296172, -0.954963, 0.956517, 0.009394, 0.955027, 0.29637, 0.629935, 0.0, 0.0, 0.0, 1.0],
                [0.999661, -0.014728, 0.021484, -5e-06, 0.024827, 0.289183, -0.956952, 0.956517, 0.007881, 0.957161, 0.28945, 0.631117, 0.0, 0.0, 0.0, 1.0],
                [0.999553, -0.014911, 0.0259, -5e-06, 0.029057, 0.282202, -0.958915, 0.956517, 0.006989, 0.959239, 0.282509, 0.632323, 0.0, 0.0, 0.0, 1.0],
                [0.999511, -0.014906, 0.02748, -5e-06, 0.030523, 0.275282, -0.960879, 0.956517, 0.006758, 0.961248, 0.275603, 0.633547, 0.0, 0.0, 0.0, 1.0],
                [0.999512, -0.014825, 0.027504, -5e-06, 0.030477, 0.268625, -0.962763, 0.956522, 0.006885, 0.963131, 0.268945, 0.634784, 0.0, 0.0, 0.0, 1.0],
                [0.999514, -0.014764, 0.027443, -5e-06, 0.030357, 0.262368, -0.96449, 0.956536, 0.00704, 0.964855, 0.262689, 0.63603, 0.0, 0.0, 0.0, 1.0],
                [0.999519, -0.014723, 0.027301, -5e-06, 0.030166, 0.256479, -0.966079, 0.95656, 0.007222, 0.966438, 0.256799, 0.637285, 0.0, 0.0, 0.0, 1.0],
                [0.999525, -0.014702, 0.027079, -5e-06, 0.029904, 0.250927, -0.967544, 0.956592, 0.00743, 0.967894, 0.251248, 0.638546, 0.0, 0.0, 0.0, 1.0],
                [0.999533, -0.0147, 0.02678, -5e-06, 0.029572, 0.245687, -0.968898, 0.956633, 0.007664, 0.969238, 0.246007, 0.639814, 0.0, 0.0, 0.0, 1.0],
                [0.999543, -0.014718, 0.026403, -5e-06, 0.029171, 0.240733, -0.970153, 0.956681, 0.007923, 0.97048, 0.241053, 0.641085, 0.0, 0.0, 0.0, 1.0],
                [0.999554, -0.014756, 0.025949, -5e-06, 0.028701, 0.236046, -0.971318, 0.956737, 0.008208, 0.97163, 0.236364, 0.64236, 0.0, 0.0, 0.0, 1.0],
                [0.999567, -0.014814, 0.025419, -5e-06, 0.028161, 0.231605, -0.972402, 0.9568, 0.008518, 0.972697, 0.231922, 0.643635, 0.0, 0.0, 0.0, 1.0],
                [0.999581, -0.014893, 0.024812, -5e-06, 0.02755, 0.227394, -0.973413, 0.95687, 0.008855, 0.973689, 0.227709, 0.644911, 0.0, 0.0, 0.0, 1.0],
                [0.999596, -0.014992, 0.024127, -5e-06, 0.026868, 0.223398, -0.974357, 0.956947, 0.009218, 0.974612, 0.22371, 0.646185, 0.0, 0.0, 0.0, 1.0],
                [0.999613, -0.015112, 0.023362, -5e-06, 0.026113, 0.219602, -0.97524, 0.957029, 0.009607, 0.975473, 0.219911, 0.647456, 0.0, 0.0, 0.0, 1.0],
                [0.99963, -0.015253, 0.022517, -5e-06, 0.025283, 0.215993, -0.976067, 0.957117, 0.010025, 0.976276, 0.216299, 0.648722, 0.0, 0.0, 0.0, 1.0],
                [0.999648, -0.015417, 0.02159, -5e-06, 0.024376, 0.212562, -0.976843, 0.95721, 0.010471, 0.977026, 0.212863, 0.649983, 0.0, 0.0, 0.0, 1.0],
                [0.999667, -0.015603, 0.020578, -5e-06, 0.023389, 0.209297, -0.977572, 0.957307, 0.010946, 0.977728, 0.209593, 0.651236, 0.0, 0.0, 0.0, 1.0],
                [0.999685, -0.015812, 0.019478, -5e-06, 0.022322, 0.20619, -0.978257, 0.957409, 0.011452, 0.978384, 0.206479, 0.65248, 0.0, 0.0, 0.0, 1.0],
                [0.999704, -0.016045, 0.018287, -5e-06, 0.021169, 0.203233, -0.978902, 0.957515, 0.01199, 0.978999, 0.203512, 0.653714, 0.0, 0.0, 0.0, 1.0],
                [0.999722, -0.016303, 0.017004, -5e-06, 0.019928, 0.200418, -0.979508, 0.957625, 0.012561, 0.979575, 0.200687, 0.654937, 0.0, 0.0, 0.0, 1.0],
                [0.99974, -0.016587, 0.015623, -5e-06, 0.018596, 0.197738, -0.980079, 0.957738, 0.013167, 0.980115, 0.197995, 0.656146, 0.0, 0.0, 0.0, 1.0],
                [0.999757, -0.016897, 0.014141, -5e-06, 0.017169, 0.195188, -0.980615, 0.957853, 0.013809, 0.98062, 0.195431, 0.657341, 0.0, 0.0, 0.0, 1.0],
                [0.999773, -0.017234, 0.012555, -5e-06, 0.015643, 0.192764, -0.981121, 0.957971, 0.014489, 0.981094, 0.192989, 0.65852, 0.0, 0.0, 0.0, 1.0],
                [0.999786, -0.0176, 0.010859, -5e-06, 0.014014, 0.190459, -0.981595, 0.958091, 0.015208, 0.981537, 0.190665, 0.659681, 0.0, 0.0, 0.0, 1.0],
                [0.999797, -0.017995, 0.00905, -5e-06, 0.012278, 0.188272, -0.98204, 0.958213, 0.015968, 0.981952, 0.188455, 0.660824, 0.0, 0.0, 0.0, 1.0],
                [0.999805, -0.018421, 0.007124, -5e-06, 0.010431, 0.186198, -0.982457, 0.958336, 0.016772, 0.98234, 0.186353, 0.661946, 0.0, 0.0, 0.0, 1.0],
                [0.999809, -0.018879, 0.005075, -5e-06, 0.008468, 0.184234, -0.982846, 0.958459, 0.01762, 0.982701, 0.184359, 0.663047, 0.0, 0.0, 0.0, 1.0],
                [0.999808, -0.019369, 0.0029, -5e-06, 0.006385, 0.182379, -0.983208, 0.958583, 0.018515, 0.983038, 0.182468, 0.664124, 0.0, 0.0, 0.0, 1.0],
                [0.999802, -0.019892, 0.000594, -5e-06, 0.004178, 0.180631, -0.983542, 0.958707, 0.019458, 0.98335, 0.180678, 0.665177, 0.0, 0.0, 0.0, 1.0],
                [0.999789, -0.02045, -0.001846, -5e-06, 0.001845, 0.178988, -0.98385, 0.95883, 0.02045, 0.983639, 0.178988, 0.666204, 0.0, 0.0, 0.0, 1.0],
                [0.999769, -0.021043, -0.004424, -5e-06, -0.000619, 0.17745, -0.98413, 0.958953, 0.021494, 0.983905, 0.177396, 0.667203, 0.0, 0.0, 0.0, 1.0],
                [0.99974, -0.021671, -0.007141, -5e-06, -0.003216, 0.176016, -0.984382, 0.959075, 0.02259, 0.984149, 0.175901, 0.668173, 0.0, 0.0, 0.0, 1.0],
                [0.999701, -0.022335, -0.01, -5e-06, -0.005946, 0.174686, -0.984606, 0.959195, 0.023738, 0.984371, 0.174501, 0.669113, 0.0, 0.0, 0.0, 1.0],
                [0.99965, -0.023034, -0.013, -5e-06, -0.00881, 0.173461, -0.984801, 0.959312, 0.024939, 0.984571, 0.173197, 0.670022, 0.0, 0.0, 0.0, 1.0],
                [0.999587, -0.023769, -0.016138, -5e-06, -0.011804, 0.17234, -0.984967, 0.959428, 0.026192, 0.984751, 0.171988, 0.670896, 0.0, 0.0, 0.0, 1.0],
                [0.99951, -0.024536, -0.019412, -5e-06, -0.014926, 0.171324, -0.985102, 0.959541, 0.027496, 0.984909, 0.170874, 0.671737, 0.0, 0.0, 0.0, 1.0],
                [0.999419, -0.025335, -0.022813, -5e-06, -0.018168, 0.170414, -0.985205, 0.95965, 0.028848, 0.985047, 0.169854, 0.672541, 0.0, 0.0, 0.0, 1.0],
                [0.999311, -0.026163, -0.02633, -5e-06, -0.02152, 0.169609, -0.985276, 0.959757, 0.030243, 0.985164, 0.168929, 0.673307, 0.0, 0.0, 0.0, 1.0],
                [0.999186, -0.027015, -0.029949, -5e-06, -0.024967, 0.16891, -0.985315, 0.959859, 0.031677, 0.985261, 0.168098, 0.674034, 0.0, 0.0, 0.0, 1.0],
                [0.999045, -0.027887, -0.033651, -5e-06, -0.02849, 0.168316, -0.985321, 0.959956, 0.033142, 0.985338, 0.167361, 0.674721, 0.0, 0.0, 0.0, 1.0],
                [0.998886, -0.028773, -0.037409, -5e-06, -0.032065, 0.167826, -0.985295, 0.960049, 0.034628, 0.985397, 0.166717, 0.675367, 0.0, 0.0, 0.0, 1.0],
                [0.998711, -0.029663, -0.041192, -5e-06, -0.035663, 0.167437, -0.985237, 0.960137, 0.036122, 0.985436, 0.166164, 0.675968, 0.0, 0.0, 0.0, 1.0],
                [0.998521, -0.03055, -0.044962, -5e-06, -0.039246, 0.167146, -0.985151, 0.960219, 0.037612, 0.985459, 0.1657, 0.676525, 0.0, 0.0, 0.0, 1.0],
                [0.99832, -0.031422, -0.048673, -5e-06, -0.042771, 0.166946, -0.985038, 0.960296, 0.039078, 0.985465, 0.165322, 0.677036, 0.0, 0.0, 0.0, 1.0],
                [0.998111, -0.032266, -0.052273, -5e-06, -0.046188, 0.166831, -0.984903, 0.960366, 0.0405, 0.985457, 0.165026, 0.677499, 0.0, 0.0, 0.0, 1.0],
                [0.9979, -0.033069, -0.055702, -5e-06, -0.049441, 0.166791, -0.984752, 0.960429, 0.041855, 0.985438, 0.164806, 0.677913, 0.0, 0.0, 0.0, 1.0],
                [0.997691, -0.033814, -0.058895, -5e-06, -0.052468, 0.166814, -0.984591, 0.960485, 0.043118, 0.985408, 0.164655, 0.678277, 0.0, 0.0, 0.0, 1.0],
                [0.997494, -0.034487, -0.061781, -5e-06, -0.055202, 0.166885, -0.98443, 0.960533, 0.04426, 0.985373, 0.164563, 0.678588, 0.0, 0.0, 0.0, 1.0],
                [0.997315, -0.035069, -0.064288, -5e-06, -0.057576, 0.166988, -0.984276, 0.960574, 0.045253, 0.985335, 0.164521, 0.678846, 0.0, 0.0, 0.0, 1.0],
                [0.997163, -0.035545, -0.066345, -5e-06, -0.059522, 0.167105, -0.984141, 0.960606, 0.046068, 0.985298, 0.164515, 0.67905, 0.0, 0.0, 0.0, 1.0],
                [0.997047, -0.0359, -0.067882, -5e-06, -0.060975, 0.167214, -0.984033, 0.96063, 0.046678, 0.985267, 0.164531, 0.679196, 0.0, 0.0, 0.0, 1.0],
                [0.996974, -0.036121, -0.06884, -5e-06, -0.06188, 0.167294, -0.983963, 0.960644, 0.047058, 0.985245, 0.164552, 0.679286, 0.0, 0.0, 0.0, 1.0],
                [0.996948, -0.036196, -0.069168, -5e-06, -0.06219, 0.167325, -0.983938, 0.960649, 0.047189, 0.985237, 0.164564, 0.679316, 0.0, 0.0, 0.0, 1.0]
            ]
        },
        {
            "name": "Thigh_R",
            "time": [0.0, 0.0167, 0.0333, 0.05, 0.0667, 0.0833, 0.1, 0.1167, 0.1333, 0.15, 0.1667, 0.1833, 0.2, 0.2167, 0.2333, 0.25, 0.2667, 0.2833, 0.3, 0.3167, 0.3333, 0.35, 0.3667, 0.3833, 0.4, 0.4167, 0.4333, 0.45, 0.4667, 0.4833, 0.5, 0.5167, 0.5333, 0.55, 0.5667, 0.5833, 0.6, 0.6167, 0.6333, 0.65, 0.6667, 0.6833, 0.7, 0.7167, 0.7333, 0.75, 0.7667, 0.7833, 0.8, 0.8167, 0.8333, 0.85, 0.8667, 0.8833, 0.9, 0.9167, 0.9333, 0.95, 0.9667, 0.9833, 1.0, 1.0167, 1.0333, 1.05, 1.0667, 1.0833, 1.1, 1.1167, 1.1333, 1.15, 1.1667, 1.1833, 1.2, 1.2167, 1.2333, 1.25, 1.2667, 1.2833, 1.3, 1.3167, 1.3333, 1.35, 1.3667, 1.3833, 1.4, 1.4167, 1.4333, 1.45, 1.4667, 1.4833, 1.5, 1.5167, 1.5333, 1.55, 1.5667, 1.5833, 1.6, 1.6167, 1.6333, 1.65, 1.6667],
            "transform": [
                [0.172861, 0.395512, 0.902047, 0.155756, 0.531603, -0.808448, 0.252602, 0.023434, 0.829166, 0.435865, -0.350005, 0.040179, 0.0, 0.0, 0.0, 1.0],
                [0.308499, 0.439781, 0.843458, 0.144266, 0.430511, -0.855245, 0.288467, 0.022018, 0.848226, 0.274125, -0.453174, 0.04498, 0.0, 0.0, 0.0, 1.0],
                [0.600117, 0.321503, 0.732458, 0.122819, 0.253383, -0.944922, 0.207162, 0.018717, 0.75872, 0.061271, -0.648529, 0.053893, 0.0, 0.0, 0.0, 1.0],
                [0.788635, 0.27754, 0.548659, 0.110952, 0.14666, -0.951481, 0.270503, 0.01495, 0.597114, -0.132862, -0.791077, 0.05868, 0.0, 0.0, 0.0, 1.0],
                [0.785852, 0.363274, 0.500469, 0.110464, 0.133904, -0.890032, 0.435787, 0.011853, 0.603744, -0.275448, -0.748078, 0.057759, 0.0, 0.0, 0.0, 1.0],
                [0.698117, 0.468871, 0.541103, 0.110115, 0.238501, -0.864871, 0.441715, 0.009539, 0.675092, -0.179314, -0.715609, 0.055415, 0.0, 0.0, 0.0, 1.0],
                [0.584349, 0.450534, 0.674947, 0.10988, 0.216922, -0.888179, 0.405067, 0.007896, 0.781972, -0.090289, -0.616739, 0.052219, 0.0, 0.0, 0.0, 1.0],
                [0.601032, 0.486112, 0.634393, 0.109738, 0.219375, -0.863614, 0.453919, 0.006813, 0.768527, -0.13365, -0.625702, 0.048741, 0.0, 0.0, 0.0, 1.0],
                [0.844276, 0.476231, 0.245765, 0.109665, 0.390659, -0.860846, 0.32608, 0.006178, 0.366855, -0.179291, -0.912838, 0.045551, 0.0, 0.0, 0.0, 1.0],
                [0.827273, 0.494734, 0.266189, 0.109638, 0.447925, -0.866832, 0.219004, 0.005878, 0.33909, -0.061943, -0.938712, 0.043218, 0.0, 0.0, 0.0, 1.0],
                [0.786175, 0.489858, 0.376785, 0.109634, 0.455537, -0.871341, 0.182339, 0.005803, 0.41763, 0.028288, -0.908177, 0.042314, 0.0, 0.0, 0.0, 1.0],
                [0.781464, 0.472573, 0.407417, 0.109634, 0.435972, -0.880678, 0.185289, 0.005804, 0.446366, 0.032825, -0.894249, 0.042314, 0.0, 0.0, 0.0, 1.0],
                [0.777241, 0.455621, 0.433942, 0.109634, 0.417104, -0.889452, 0.186808, 0.005804, 0.471084, 0.035804, -0.881362, 0.042314, 0.0, 0.0, 0.0, 1.0],
                [0.773719, 0.439161, 0.456614, 0.109634, 0.399047, -0.897627, 0.187146, 0.005803, 0.492057, 0.037412, -0.869759, 0.042314, 0.0, 0.0, 0.0, 1.0],
                [0.771036, 0.423312, 0.47572, 0.109634, 0.381879, -0.905191, 0.186533, 0.005803, 0.509579, 0.037844, -0.859591, 0.042314, 0.0, 0.0, 0.0, 1.0],
                [0.769268, 0.408159, 0.491562, 0.109634, 0.365646, -0.912147, 0.185169, 0.005804, 0.523956, 0.037293, -0.850929, 0.042314, 0.0, 0.0, 0.0, 1.0],
                [0.768432, 0.393757, 0.504448, 0.109634, 0.350373, -0.91851, 0.183236, 0.005803, 0.535492, 0.03594, -0.843776, 0.042314, 0.0, 0.0, 0.0, 1.0],
                [0.768501, 0.380136, 0.514686, 0.109634, 0.336062, -0.924305, 0.180884, 0.005804, 0.544488, 0.033957, -0.838081, 0.042314, 0.0, 0.0, 0.0, 1.0],
                [0.769412, 0.367309, 0.522578, 0.109634, 0.322703, -0.929564, 0.178244, 0.005803, 0.551241, 0.031495, -0.833751, 0.042314, 0.0, 0.0, 0.0, 1.0],
                [0.771069, 0.355275, 0.528423, 0.109634, 0.310276, -0.934319, 0.175421, 0.005804, 0.55604, 0.028695, -0.83066, 0.042314, 0.0, 0.0, 0.0, 1.0],
                [0.773356, 0.344022, 0.532513, 0.109634, 0.298751, -0.938608, 0.172507, 0.005804, 0.559167, 0.02568, -0.828657, 0.042314, 0.0, 0.0, 0.0, 1.0],
                [0.776137, 0.333532, 0.535134, 0.109634, 0.288096, -0.942467, 0.16957, 0.005803, 0.560904, 0.02256, -0.827574, 0.042314, 0.0, 0.0, 0.0, 1.0],
                [0.779266, 0.323786, 0.53657, 0.109634, 0.278272, -0.945929, 0.166672, 0.005803, 0.561523, 0.019431, -0.827233, 0.042314, 0.0, 0.0, 0.0, 1.0],
                [0.782591, 0.314757, 0.537103, 0.109634, 0.269244, -0.949029, 0.163854, 0.005803, 0.561301, 0.016381, -0.82745, 0.042314, 0.0, 0.0, 0.0, 1.0],
                [0.785952, 0.306424, 0.537013, 0.109634, 0.260972, -0.951798, 0.161157, 0.005804, 0.560511, 0.013483, -0.828038, 0.042314, 0.0, 0.0, 0.0, 1.0],
                [0.78919, 0.298765, 0.536581, 0.109634, 0.253419, -0.954264, 0.158607, 0.005804, 0.559426, 0.010808, -0.82881, 0.042314, 0.0, 0.0, 0.0, 1.0],
                [0.792142, 0.291757, 0.536086, 0.109634, 0.246548, -0.956453, 0.156229, 0.005803, 0.558323, 0.008415, -0.829581, 0.042314, 0.0, 0.0, 0.0, 1.0],
                [0.794646, 0.285383, 0.535811, 0.109634, 0.240325, -0.958391, 0.154039, 0.005803, 0.557477, 0.006362, -0.830168, 0.042314, 0.0, 0.0, 0.0, 1.0],
                [0.796539, 0.279625, 0.536036, 0.109634, 0.234718, -0.960096, 0.152052, 0.005804, 0.557164, 0.004701, -0.830389, 0.042314, 0.0, 0.0, 0.0, 1.0],
                [0.797655, 0.274469, 0.53704, 0.109634, 0.229697, -0.961588, 0.150282, 0.005804, 0.55766, 0.003483, -0.830062, 0.042314, 0.0, 0.0, 0.0, 1.0],
                [0.797824, 0.2699, 0.539101, 0.109634, 0.225236, -0.962882, 0.148736, 0.005803, 0.559236, 0.002759, -0.829004, 0.042314, 0.0, 0.0, 0.0, 1.0],
                [0.796867, 0.265907, 0.542491, 0.109634, 0.22131, -0.963993, 0.147429, 0.005804, 0.562161, 0.002577, -0.827024, 0.042314, 0.0, 0.0, 0.0, 1.0],
                [0.794592, 0.262479, 0.547473, 0.109634, 0.217898, -0.964931, 0.146372, 0.005803, 0.566694, 0.002987, -0.823923, 0.042314, 0.0, 0.0, 0.0, 1.0],
                [0.79097, 0.259176, 0.554251, 0.109634, 0.214976, -0.965817, 0.144841, 0.005803, 0.572845, 0.004586, -0.81965, 0.042314, 0.0, 0.0, 0.0, 1.0],
                [0.786192, 0.255595, 0.562649, 0.109634, 0.21253, -0.966751, 0.142199, 0.005804, 0.580287, 0.007784, -0.814375, 0.042314, 0.0, 0.0, 0.0, 1.0],
                [0.780395, 0.251767, 0.57236, 0.109634, 0.210553, -0.967707, 0.138588, 0.005804, 0.588769, 0.012359, -0.808206, 0.042314, 0.0, 0.0, 0.0, 1.0],
                [0.773723, 0.247729, 0.583081, 0.109634, 0.209042, -0.968658, 0.134157, 0.005804, 0.598042, 0.018088, -0.801261, 0.042314, 0.0, 0.0, 0.0, 1.0],
                [0.766324, 0.243519, 0.594513, 0.109634, 0.207988, -0.969579, 0.129055, 0.005803, 0.607855, 0.024753, -0.793662, 0.042314, 0.0, 0.0, 0.0, 1.0],
                [0.75836, 0.239184, 0.606367, 0.109634, 0.207378, -0.970441, 0.123436, 0.005803, 0.617968, 0.032138, -0.785547, 0.042314, 0.0, 0.0, 0.0, 1.0],
                [0.750004, 0.23478, 0.618363, 0.109634, 0.207193, -0.971222, 0.117453, 0.005804, 0.628144, 0.04003, -0.777067, 0.042314, 0.0, 0.0, 0.0, 1.0],
                [0.741442, 0.230378, 0.63023, 0.109634, 0.20741, -0.971904, 0.111267, 0.005804, 0.638157, 0.048218, -0.768395, 0.042314, 0.0, 0.0, 0.0, 1.0],
                [0.732872, 0.22606, 0.641712, 0.109634, 0.207998, -0.972472, 0.105034, 0.005804, 0.647792, 0.056498, -0.759719, 0.042314, 0.0, 0.0, 0.0, 1.0],
                [0.724506, 0.221919, 0.652566, 0.109634, 0.208916, -0.972916, 0.098914, 0.005803, 0.656844, 0.064668, -0.751248, 0.042314, 0.0, 0.0, 0.0, 1.0],
                [0.716563, 0.218061, 0.662561, 0.109634, 0.210122, -0.973234, 0.093062, 0.005804, 0.665121, 0.072533, -0.743204, 0.042314, 0.0, 0.0, 0.0, 1.0],
                [0.709272, 0.2146, 0.671476, 0.109634, 0.211562, -0.973426, 0.087632, 0.005804, 0.672439, 0.079903, -0.735826, 0.042314, 0.0, 0.0, 0.0, 1.0],
                [0.702866, 0.211656, 0.679103, 0.109634, 0.213179, -0.973499, 0.082773, 0.005803, 0.678626, 0.086591, -0.729362, 0.042314, 0.0, 0.0, 0.0, 1.0],
                [0.697584, 0.209351, 0.685236, 0.109634, 0.214911, -0.973462, 0.078626, 0.005803, 0.683512, 0.092416, -0.724065, 0.042314, 0.0, 0.0, 0.0, 1.0],
                [0.693662, 0.207807, 0.689674, 0.109634, 0.216695, -0.973327, 0.075329, 0.005804, 0.686933, 0.097196, -0.720192, 0.042314, 0.0, 0.0, 0.0, 1.0],
                [0.691331, 0.207136, 0.692211, 0.109634, 0.218463, -0.973109, 0.073007, 0.005804, 0.68872, 0.10075, -0.717993, 0.042314, 0.0, 0.0, 0.0, 1.0],
                [0.690817, 0.207438, 0.692633, 0.109634, 0.220147, -0.97282, 0.071782, 0.005803, 0.688698, 0.102892, -0.71771, 0.042314, 0.0, 0.0, 0.0, 1.0],
                [0.692335, 0.208796, 0.690707, 0.109634, 0.221683, -0.972472, 0.071767, 0.005803, 0.686679, 0.103431, -0.719565, 0.042314, 0.0, 0.0, 0.0, 1.0],
                [0.694907, 0.210715, 0.687534, 0.109643, 0.222932, -0.972124, 0.072614, 0.005802, 0.68367, 0.102813, -0.722513, 0.042326, 0.0, 0.0, 0.0, 1.0],
                [0.697423, 0.212656, 0.684381, 0.10967, 0.223825, -0.971823, 0.073883, 0.005798, 0.68081, 0.101653, -0.725372, 0.04236, 0.0, 0.0, 0.0, 1.0],
                [0.699885, 0.214615, 0.681249, 0.109713, 0.224395, -0.971564, 0.07554, 0.00579, 0.67809, 0.1, -0.728144, 0.042415, 0.0, 0.0, 0.0, 1.0],
                [0.702295, 0.216586, 0.678139, 0.109773, 0.224674, -0.971341, 0.077554, 0.00578, 0.675502, 0.097895, -0.730831, 0.042491, 0.0, 0.0, 0.0, 1.0],
                [0.704653, 0.218564, 0.675051, 0.109848, 0.224689, -0.971148, 0.079892, 0.005768, 0.673037, 0.09538, -0.733433, 0.042587, 0.0, 0.0, 0.0, 1.0],
                [0.706962, 0.220546, 0.671985, 0.109938, 0.224463, -0.97098, 0.08253, 0.005753, 0.670686, 0.09249, -0.735952, 0.042702, 0.0, 0.0, 0.0, 1.0],
                [0.709224, 0.222525, 0.668942, 0.110041, 0.22402, -0.970831, 0.085439, 0.005735, 0.668442, 0.08926, -0.738388, 0.042834, 0.0, 0.0, 0.0, 1.0],
                [0.711442, 0.224496, 0.665922, 0.110158, 0.223378, -0.970695, 0.088595, 0.005715, 0.666297, 0.085722, -0.740743, 0.042983, 0.0, 0.0, 0.0, 1.0],
                [0.713618, 0.226455, 0.662924, 0.110287, 0.222555, -0.97057, 0.091973, 0.005693, 0.664242, 0.081903, -0.743016, 0.043149, 0.0, 0.0, 0.0, 1.0],
                [0.715754, 0.228396, 0.659948, 0.110428, 0.221568, -0.970451, 0.095551, 0.00567, 0.662271, 0.077832, -0.745211, 0.043329, 0.0, 0.0, 0.0, 1.0],
                [0.717854, 0.230313, 0.656994, 0.11058, 0.220432, -0.970332, 0.099306, 0.005644, 0.660375, 0.073535, -0.747327, 0.043523, 0.0, 0.0, 0.0, 1.0],
                [0.719921, 0.232204, 0.654061, 0.110742, 0.219159, -0.970212, 0.103218, 0.005617, 0.658546, 0.069034, -0.749367, 0.04373, 0.0, 0.0, 0.0, 1.0],
                [0.721957, 0.234062, 0.651148, 0.110914, 0.217762, -0.970088, 0.107267, 0.005588, 0.656778, 0.064352, -0.751333, 0.04395, 0.0, 0.0, 0.0, 1.0],
                [0.723966, 0.235882, 0.648253, 0.111094, 0.216251, -0.969955, 0.111434, 0.005558, 0.655063, 0.059511, -0.753227, 0.04418, 0.0, 0.0, 0.0, 1.0],
                [0.725952, 0.237661, 0.645376, 0.111283, 0.214638, -0.969814, 0.115702, 0.005526, 0.653393, 0.054528, -0.755052, 0.044421, 0.0, 0.0, 0.0, 1.0],
                [0.727919, 0.239395, 0.642514, 0.111479, 0.212931, -0.969662, 0.120054, 0.005493, 0.651762, 0.049421, -0.756812, 0.044672, 0.0, 0.0, 0.0, 1.0],
                [0.729871, 0.241078, 0.639664, 0.111681, 0.211138, -0.969497, 0.124473, 0.005459, 0.650161, 0.044208, -0.75851, 0.04493, 0.0, 0.0, 0.0, 1.0],
                [0.731811, 0.242705, 0.636826, 0.11189, 0.209268, -0.969318, 0.128943, 0.005424, 0.648582, 0.038905, -0.76015, 0.045197, 0.0, 0.0, 0.0, 1.0],
                [0.733744, 0.244275, 0.633995, 0.112103, 0.207328, -0.969124, 0.133451, 0.005388, 0.647019, 0.033526, -0.761737, 0.04547, 0.0, 0.0, 0.0, 1.0],
                [0.735675, 0.245781, 0.631168, 0.112321, 0.205325, -0.968917, 0.137982, 0.005351, 0.645464, 0.028085, -0.763275, 0.045748, 0.0, 0.0, 0.0, 1.0],
                [0.737608, 0.24722, 0.628344, 0.112542, 0.203263, -0.968694, 0.142522, 0.005313, 0.643908, 0.022594, -0.764769, 0.046031, 0.0, 0.0, 0.0, 1.0],
                [0.739549, 0.248587, 0.625517, 0.112767, 0.201149, -0.968457, 0.147058, 0.005276, 0.642344, 0.017066, -0.766226, 0.046318, 0.0, 0.0, 0.0, 1.0],
                [0.741501, 0.249881, 0.622685, 0.112993, 0.198989, -0.968206, 0.15158, 0.005238, 0.640765, 0.01151, -0.767651, 0.046608, 0.0, 0.0, 0.0, 1.0],
                [0.743469, 0.251094, 0.619842, 0.113222, 0.196786, -0.967942, 0.156074, 0.005199, 0.639162, 0.00594, -0.769049, 0.046899, 0.0, 0.0, 0.0, 1.0],
                [0.74546, 0.252226, 0.616986, 0.11345, 0.194545, -0.967666, 0.160532, 0.005161, 0.637527, 0.000361, -0.770427, 0.047192, 0.0, 0.0, 0.0, 1.0],
                [0.747477, 0.25327, 0.614111, 0.113679, 0.19227, -0.96738, 0.164941, 0.005122, 0.635854, -0.005214, -0.771792, 0.047485, 0.0, 0.0, 0.0, 1.0],
                [0.749524, 0.254224, 0.611215, 0.113907, 0.189966, -0.967083, 0.16929, 0.005084, 0.634134, -0.010777, -0.773148, 0.047776, 0.0, 0.0, 0.0, 1.0],
                [0.751607, 0.255085, 0.608292, 0.114134, 0.187636, -0.966779, 0.173573, 0.005045, 0.63236, -0.016322, -0.774502, 0.048066, 0.0, 0.0, 0.0, 1.0],
                [0.753728, 0.255848, 0.605339, 0.114358, 0.185283, -0.966468, 0.177779, 0.005008, 0.630527, -0.021838, -0.77586, 0.048352, 0.0, 0.0, 0.0, 1.0],
                [0.755891, 0.256511, 0.602354, 0.11458, 0.182912, -0.966153, 0.181899, 0.00497, 0.628627, -0.027318, -0.777227, 0.048636, 0.0, 0.0, 0.0, 1.0],
                [0.758097, 0.257071, 0.599335, 0.114798, 0.180527, -0.965835, 0.185926, 0.004934, 0.626656, -0.032753, -0.778607, 0.048914, 0.0, 0.0, 0.0, 1.0],
                [0.760348, 0.257527, 0.59628, 0.115011, 0.178133, -0.965516, 0.189851, 0.004898, 0.624611, -0.038136, -0.780004, 0.049187, 0.0, 0.0, 0.0, 1.0],
                [0.762643, 0.257876, 0.593191, 0.11522, 0.175733, -0.965198, 0.193666, 0.004862, 0.62249, -0.043455, -0.781421, 0.049453, 0.0, 0.0, 0.0, 1.0],
                [0.764979, 0.258119, 0.590069, 0.115422, 0.173334, -0.964883, 0.197364, 0.004828, 0.620292, -0.0487, -0.782858, 0.049712, 0.0, 0.0, 0.0, 1.0],
                [0.767352, 0.258255, 0.58692, 0.115618, 0.170943, -0.964572, 0.200935, 0.004795, 0.618021, -0.053858, -0.784315, 0.049962, 0.0, 0.0, 0.0, 1.0],
                [0.769754, 0.258287, 0.583752, 0.115806, 0.168567, -0.964268, 0.204374, 0.004764, 0.615682, -0.058916, -0.785789, 0.050203, 0.0, 0.0, 0.0, 1.0],
                [0.772175, 0.258218, 0.580576, 0.115987, 0.166215, -0.963972, 0.207671, 0.004733, 0.613285, -0.063858, -0.787277, 0.050434, 0.0, 0.0, 0.0, 1.0],
                [0.774601, 0.258054, 0.577408, 0.116159, 0.1639, -0.963686, 0.210816, 0.004705, 0.610843, -0.068662, -0.788769, 0.050654, 0.0, 0.0, 0.0, 1.0],
                [0.777016, 0.257803, 0.574268, 0.116321, 0.161633, -0.963411, 0.213801, 0.004677, 0.608375, -0.073306, -0.790257, 0.050861, 0.0, 0.0, 0.0, 1.0],
                [0.779397, 0.257474, 0.571181, 0.116473, 0.159431, -0.963149, 0.216615, 0.004651, 0.605906, -0.077765, -0.791727, 0.051055, 0.0, 0.0, 0.0, 1.0],
                [0.781718, 0.25708, 0.568177, 0.116614, 0.157312, -0.962902, 0.219245, 0.004628, 0.603463, -0.082007, -0.793162, 0.051235, 0.0, 0.0, 0.0, 1.0],
                [0.783952, 0.256637, 0.565293, 0.116743, 0.155296, -0.962673, 0.221679, 0.004606, 0.601084, -0.085998, -0.794546, 0.0514, 0.0, 0.0, 0.0, 1.0],
                [0.786062, 0.256164, 0.56257, 0.11686, 0.153408, -0.962461, 0.223902, 0.004586, 0.598808, -0.089698, -0.795854, 0.05155, 0.0, 0.0, 0.0, 1.0],
                [0.788014, 0.255681, 0.560054, 0.116963, 0.151674, -0.96227, 0.225895, 0.004569, 0.596681, -0.093062, -0.797064, 0.051682, 0.0, 0.0, 0.0, 1.0],
                [0.789767, 0.255211, 0.557795, 0.117053, 0.150123, -0.962101, 0.227642, 0.004554, 0.594752, -0.096046, -0.798151, 0.051796, 0.0, 0.0, 0.0, 1.0],
                [0.791281, 0.254778, 0.555843, 0.117128, 0.148785, -0.961958, 0.229122, 0.004541, 0.593074, -0.098599, -0.799088, 0.051892, 0.0, 0.0, 0.0, 1.0],
                [0.792517, 0.254406, 0.554251, 0.117187, 0.147691, -0.961841, 0.230314, 0.004531, 0.591696, -0.10067, -0.799851, 0.051969, 0.0, 0.0, 0.0, 1.0],
                [0.793436, 0.254119, 0.553066, 0.117231, 0.146874, -0.961756, 0.231196, 0.004524, 0.590666, -0.102208, -0.800417, 0.052024, 0.0, 0.0, 0.0, 1.0],
                [0.794007, 0.253936, 0.552331, 0.117257, 0.146363, -0.961702, 0.231741, 0.004519, 0.590026, -0.103163, -0.800767, 0.052058, 0.0, 0.0, 0.0, 1.0],
                [0.794202, 0.253872, 0.55208, 0.117266, 0.146187, -0.961684, 0.231928, 0.004518, 0.589807, -0.103491, -0.800885, 0.05207, 0.0, 0.0, 0.0, 1.0]
            ]
        },
        {
            "name": "Leg_R",
            "time": [0.0, 0.0167, 0.0333, 0.05, 0.0667, 0.0833, 0.1, 0.1167, 0.1333, 0.15, 0.1667, 0.1833, 0.2, 0.2167, 0.2333, 0.25, 0.2667, 0.2833, 0.3, 0.3167, 0.3333, 0.35, 0.3667, 0.3833, 0.4, 0.4167, 0.4333, 0.45, 0.4667, 0.4833, 0.5, 0.5167, 0.5333, 0.55, 0.5667, 0.5833, 0.6, 0.6167, 0.6333, 0.65, 0.6667, 0.6833, 0.7, 0.7167, 0.7333, 0.75, 0.7667, 0.7833, 0.8, 0.8167, 0.8333, 0.85, 0.8667, 0.8833, 0.9, 0.9167, 0.9333, 0.95, 0.9667, 0.9833, 1.0, 1.0167, 1.0333, 1.05, 1.0667, 1.0833, 1.1, 1.1167, 1.1333, 1.15, 1.1667, 1.1833, 1.2, 1.2167, 1.2333, 1.25, 1.2667, 1.2833, 1.3, 1.3167, 1.3333, 1.35, 1.3667, 1.3833, 1.4, 1.4167, 1.4333, 1.45, 1.4667, 1.4833, 1.5, 1.5167, 1.5333, 1.55, 1.5667, 1.5833, 1.6, 1.6167, 1.6333, 1.65, 1.6667],
            "transform": [
                [1.0, -0.0, 1e-06, -0.0, -0.0, 0.831963, 0.554834, 0.374726, -1e-06, -0.554835, 0.831958, 0.0, 0.0, 0.0, 0.0, 1.0],
                [1.0, -1e-06, 1e-06, -0.0, -0.0, 0.803792, 0.594913, 0.374726, -1e-06, -0.594914, 0.803787, 0.0, 0.0, 0.0, 0.0, 1.0],
                [1.0, -0.0, 1e-06, 0.0, -0.0, 0.942016, 0.335577, 0.374726, -1e-06, -0.335578, 0.94201, 0.0, 0.0, 0.0, 0.0, 1.0],
                [1.0, -0.0, 1e-06, 0.0, -0.0, 0.937777, 0.347245, 0.374726, -1e-06, -0.347246, 0.937771, -0.0, 0.0, 0.0, 0.0, 1.0],
                [1.0, -0.0, 1e-06, -0.0, -0.0, 0.911111, 0.412167, 0.374726, -1e-06, -0.412168, 0.911106, 0.0, 0.0, 0.0, 0.0, 1.0],
                [1.0, -0.0, 1e-06, -0.0, -0.0, 0.963177, 0.268877, 0.374726, -1e-06, -0.268877, 0.963171, 0.0, 0.0, 0.0, 0.0, 1.0],
                [1.0, -0.0, 1e-06, 0.0, -0.0, 0.977802, 0.209548, 0.374726, -1e-06, -0.209548, 0.977795, 0.0, 0.0, 0.0, 0.0, 1.0],
                [1.0, -0.0, 1e-06, -0.0, -0.0, 0.930094, 0.367326, 0.374726, -1e-06, -0.367327, 0.930089, 0.0, 0.0, 0.0, 0.0, 1.0],
                [1.0, -0.0, 1e-06, 0.0, -0.0, 0.862943, 0.505304, 0.374726, -1e-06, -0.505305, 0.862939, -0.0, 0.0, 0.0, 0.0, 1.0],
                [1.0, -0.0, 1e-06, -0.0, -0.0, 0.833923, 0.551884, 0.374726, -1e-06, -0.551885, 0.833918, 0.0, 0.0, 0.0, 0.0, 1.0],
                [1.0, -0.0, 1e-06, -0.0, -0.0, 0.840828, 0.541305, 0.374726, -1e-06, -0.541306, 0.840824, -0.0, 0.0, 0.0, 0.0, 1.0],
                [1.0, -0.0, 1e-06, -0.0, -0.0, 0.844974, 0.53481, 0.374726, -1e-06, -0.534812, 0.844969, -0.0, 0.0, 0.0, 0.0, 1.0],
                [1.0, -0.0, 1e-06, -0.0, -0.0, 0.84896, 0.52846, 0.374726, -1e-06, -0.528461, 0.848955, -0.0, 0.0, 0.0, 0.0, 1.0],
                [1.0, -0.0, 1e-06, -0.0, -0.0, 0.852692, 0.522417, 0.374726, -1e-06, -0.522418, 0.852688, 0.0, 0.0, 0.0, 0.0, 1.0],
                [1.0, -0.0, 1e-06, -0.0, -0.0, 0.856103, 0.516809, 0.374726, -1e-06, -0.51681, 0.856098, 0.0, 0.0, 0.0, 0.0, 1.0],
                [1.0, -0.0, 1e-06, 0.0, -0.0, 0.859151, 0.511727, 0.374726, -1e-06, -0.511728, 0.859146, 0.0, 0.0, 0.0, 0.0, 1.0],
                [1.0, -0.0, 1e-06, -0.0, -0.0, 0.861801, 0.507249, 0.374726, -1e-06, -0.50725, 0.861797, 0.0, 0.0, 0.0, 0.0, 1.0],
                [1.0, -0.0, 1e-06, -0.0, -0.0, 0.864044, 0.50342, 0.374726, -1e-06, -0.503421, 0.864039, -0.0, 0.0, 0.0, 0.0, 1.0],
                [1.0, -0.0, 1e-06, -0.0, -0.0, 0.865869, 0.500275, 0.374726, -1e-06, -0.500276, 0.865864, 0.0, 0.0, 0.0, 0.0, 1.0],
                [1.0, -0.0, 1e-06, -0.0, -0.0, 0.867276, 0.497831, 0.374726, -1e-06, -0.497832, 0.867271, 0.0, 0.0, 0.0, 0.0, 1.0],
                [1.0, -0.0, 1e-06, 0.0, -0.0, 0.868271, 0.496094, 0.374726, -1e-06, -0.496095, 0.868266, 0.0, 0.0, 0.0, 0.0, 1.0],
                [1.0, -0.0, 1e-06, 0.0, -0.0, 0.868862, 0.495058, 0.374726, -1e-06, -0.49506, 0.868856, 0.0, 0.0, 0.0, 0.0, 1.0],
                [1.0, -0.0, 1e-06, 0.0, -0.0, 0.869056, 0.494717, 0.374726, -1e-06, -0.494718, 0.869051, 0.0, 0.0, 0.0, 0.0, 1.0],
                [1.0, -0.0, 1e-06, 0.0, -0.0, 0.86887, 0.495044, 0.374726, -1e-06, -0.495045, 0.868865, 0.0, 0.0, 0.0, 0.0, 1.0],
                [1.0, -0.0, 1e-06, -0.0, -0.0, 0.868312, 0.496022, 0.374726, -1e-06, -0.496023, 0.868307, -0.0, 0.0, 0.0, 0.0, 1.0],
                [1.0, -0.0, 1e-06, 0.0, -0.0, 0.867398, 0.497617, 0.374726, -1e-06, -0.497618, 0.867394, -0.0, 0.0, 0.0, 0.0, 1.0],
                [1.0, -0.0, 1e-06, -0.0, -0.0, 0.866143, 0.499799, 0.374726, -1e-06, -0.4998, 0.866139, -0.0, 0.0, 0.0, 0.0, 1.0],
                [1.000001, -0.0, 1e-06, 0.0, -0.0, 0.864563, 0.502528, 0.374726, -1e-06, -0.502529, 0.864559, -0.0, 0.0, 0.0, 0.0, 1.0],
                [1.0, -0.0, 1e-06, -0.0, -0.0, 0.862674, 0.505764, 0.374726, -1e-06, -0.505766, 0.862669, -0.0, 0.0, 0.0, 0.0, 1.0],
                [1.0, -0.0, 1e-06, -0.0, -0.0, 0.860494, 0.509465, 0.374726, -1e-06, -0.509466, 0.860488, -0.0, 0.0, 0.0, 0.0, 1.0],
                [1.0, -0.0, 1e-06, -0.0, -0.0, 0.858046, 0.513577, 0.374726, -1e-06, -0.513578, 0.85804, 0.0, 0.0, 0.0, 0.0, 1.0],
                [1.0, -0.0, 1e-06, -0.0, -0.0, 0.855348, 0.518057, 0.374726, -1e-06, -0.518058, 0.855343, 0.0, 0.0, 0.0, 0.0, 1.0],
                [1.0, -0.0, 1e-06, 0.0, -0.0, 0.852425, 0.522852, 0.374726, -1e-06, -0.522853, 0.85242, 0.0, 0.0, 0.0, 0.0, 1.0],
                [1.0, -0.0, 1e-06, -0.0, -0.0, 0.849599, 0.527433, 0.374726, -1e-06, -0.527434, 0.849594, -0.0, 0.0, 0.0, 0.0, 1.0],
                [1.0, -0.0, 1e-06, -0.0, -0.0, 0.847146, 0.531363, 0.374726, -1e-06, -0.531365, 0.847141, -0.0, 0.0, 0.0, 0.0, 1.0],
                [1.0, -0.0, 1e-06, 0.0, -0.0, 0.845032, 0.534718, 0.374726, -1e-06, -0.534719, 0.845028, -0.0, 0.0, 0.0, 0.0, 1.0],
                [1.0, -0.0, 1e-06, 0.0, -0.0, 0.843214, 0.537581, 0.374726, -1e-06, -0.537582, 0.843209, -0.0, 0.0, 0.0, 0.0, 1.0],
                [1.0, -0.0, 1e-06, -0.0, -0.0, 0.841651, 0.540025, 0.374726, -1e-06, -0.540027, 0.841646, 0.0, 0.0, 0.0, 0.0, 1.0],
                [1.0, -0.0, 1e-06, -0.0, -0.0, 0.840292, 0.542137, 0.374726, -1e-06, -0.542138, 0.840288, 0.0, 0.0, 0.0, 0.0, 1.0],
                [1.0, -0.0, 1e-06, -0.0, -0.0, 0.839089, 0.543997, 0.374726, -1e-06, -0.543999, 0.839084, 0.0, 0.0, 0.0, 0.0, 1.0],
                [1.0, -0.0, 1e-06, 0.0, -0.0, 0.83798, 0.545704, 0.374726, -1e-06, -0.545705, 0.837975, -0.0, 0.0, 0.0, 0.0, 1.0],
