{
    "animation": [
        {
            "name": "Root",
            "time": [0.0, 0.0167, 0.0333, 0.05, 0.0667, 0.0833, 0.1, 0.1167, 0.1333, 0.15, 0.1667, 0.1833, 0.2, 0.2167, 0.2333, 0.25, 0.2667, 0.2833, 0.3, 0.3167, 0.3333, 0.35, 0.3667, 0.3833, 0.4, 0.4167, 0.4333, 0.45, 0.4667, 0.4833, 0.5, 0.5167, 0.5333, 0.55, 0.5667, 0.5833, 0.6, 0.6167, 0.6333, 0.65, 0.6667, 0.6833, 0.7, 0.7167, 0.7333, 0.75, 0.7667, 0.7833, 0.8, 0.8167, 0.8333, 0.85, 0.8667, 0.8833, 0.9, 0.9167, 0.9333, 0.95, 0.9667, 0.9833, 1.0, 1.0167, 1.0333, 1.05, 1.0667, 1.0833, 1.1, 1.1167, 1.1333, 1.15, 1.1667, 1.1833, 1.2, 1.2167, 1.2333, 1.25, 1.2667, 1.2833, 1.3, 1.3167, 1.3333, 1.35, 1.3667, 1.3833, 1.4, 1.4167, 1.4333, 1.45, 1.4667, 1.4833, 1.5, 1.5167, 1.5333, 1.55, 1.5667, 1.5833, 1.6, 1.6167, 1.6333, 1.65, 1.6667],
            "transform": [
                [0.803565, -0.162056, 0.572732, -0.048926, 0.592242, 0.313772, -0.742157, -0.069484, -0.059436, 0.935567, 0.348112, 0.650948, 0.0, 0.0, 0.0, 1.0],
                [0.801555, -0.162458, 0.575427, -0.048926, 0.594913, 0.313108, -0.740299, -0.069479, -0.059904, 0.935719, 0.347622, 0.650594, 0.0, 0.0, 0.0, 1.0],
                [0.79575, -0.163577, 0.583117, -0.048926, 0.60252, 0.311201, -0.734931, -0.069446, -0.061249, 0.936161, 0.346196, 0.64958, 0.0, 0.0, 0.0, 1.0],
                [0.786425, -0.165265, 0.595167, -0.048926, 0.614426, 0.308164, -0.726302, -0.069356, -0.063376, 0.936868, 0.343891, 0.647979, 0.0, 0.0, 0.0, 1.0],
                [0.773807, -0.167367, 0.61091, -0.048926, 0.629955, 0.304108, -0.714616, -0.06918, -0.06618, 0.93782, 0.340754, 0.645866, 0.0, 0.0, 0.0, 1.0],
                [0.758112, -0.169714, 0.629653, -0.048926, 0.648405, 0.299143, -0.70006, -0.068891, -0.069546, 0.938994, 0.336827, 0.643312, 0.0, 0.0, 0.0, 1.0],
                [0.739572, -0.172143, 0.650692, -0.048926, 0.669068, 0.293387, -0.682841, -0.068459, -0.073359, 0.940367, 0.332156, 0.640392, 0.0, 0.0, 0.0, 1.0],
                [0.718461, -0.174491, 0.673326, -0.048926, 0.691236, 0.286971, -0.663204, -0.067856, -0.077502, 0.941913, 0.326792, 0.637179, 0.0, 0.0, 0.0, 1.0],
                [0.695111, -0.176607, 0.696872, -0.048926, 0.714226, 0.280037, -0.641452, -0.067054, -0.081865, 0.943604, 0.320794, 0.633746, 0.0, 0.0, 0.0, 1.0],
                [0.669929, -0.178356, 0.720683, -0.048926, 0.737388, 0.272742, -0.617957, -0.066024, -0.086344, 0.94541, 0.314236, 0.630166, 0.0, 0.0, 0.0, 1.0],
                [0.643394, -0.179623, 0.744164, -0.048926, 0.760126, 0.265257, -0.593168, -0.064738, -0.090848, 0.947298, 0.307201, 0.626513, 0.0, 0.0, 0.0, 1.0],
                [0.616062, -0.180313, 0.766782, -0.048926, 0.781911, 0.257762, -0.567603, -0.063167, -0.095301, 0.949234, 0.299787, 0.62286, 0.0, 0.0, 0.0, 1.0],
                [0.588555, -0.180357, 0.788083, -0.048926, 0.802293, 0.250446, -0.541851, -0.061283, -0.099646, 0.951182, 0.2921, 0.61928, 0.0, 0.0, 0.0, 1.0],
                [0.561546, -0.179709, 0.807695, -0.048926, 0.820904, 0.243499, -0.516551, -0.059057, -0.103843, 0.953107, 0.28426, 0.615847, 0.0, 0.0, 0.0, 1.0],
                [0.535749, -0.178346, 0.825328, -0.048926, 0.837458, 0.237109, -0.492386, -0.056461, -0.107877, 0.954972, 0.276388, 0.612633, 0.0, 0.0, 0.0, 1.0],
                [0.511903, -0.17626, 0.840766, -0.048926, 0.851744, 0.231459, -0.470063, -0.053467, -0.11175, 0.956744, 0.268613, 0.609713, 0.0, 0.0, 0.0, 1.0],
                [0.490754, -0.173458, 0.853858, -0.048926, 0.863611, 0.226725, -0.450302, -0.050045, -0.115482, 0.958388, 0.261066, 0.60716, 0.0, 0.0, 0.0, 1.0],
                [0.473045, -0.169951, 0.864491, -0.048926, 0.87295, 0.223067, -0.43382, -0.046168, -0.119111, 0.959874, 0.25388, 0.605046, 0.0, 0.0, 0.0, 1.0],
                [0.459506, -0.165751, 0.872571, -0.048926, 0.879661, 0.220634, -0.421328, -0.041806, -0.122684, 0.96117, 0.247188, 0.603445, 0.0, 0.0, 0.0, 1.0],
                [0.450844, -0.160857, 0.877989, -0.048926, 0.883628, 0.219562, -0.413514, -0.036933, -0.126256, 0.962246, 0.241126, 0.602431, 0.0, 0.0, 0.0, 1.0],
                [0.447739, -0.155248, 0.880584, -0.048926, 0.88468, 0.219968, -0.411042, -0.031518, -0.129886, 0.963074, 0.235833, 0.602077, 0.0, 0.0, 0.0, 1.0],
                [0.453595, -0.148532, 0.878743, -0.048926, 0.881194, 0.222147, -0.417311, -0.021314, -0.133226, 0.963633, 0.231651, 0.602077, 0.0, 0.0, 0.0, 1.0],
                [0.470372, -0.140404, 0.871227, -0.048926, 0.871931, 0.226054, -0.434322, -0.00284, -0.135964, 0.963943, 0.228752, 0.602077, 0.0, 0.0, 0.0, 1.0],
                [0.496462, -0.130926, 0.858128, -0.048926, 0.856993, 0.231268, -0.46052, 0.022786, -0.138163, 0.96404, 0.227018, 0.602077, 0.0, 0.0, 0.0, 1.0],
                [0.530128, -0.120149, 0.839362, -0.048926, 0.836306, 0.237355, -0.494222, 0.054446, -0.139846, 0.963964, 0.22631, 0.602077, 0.0, 0.0, 0.0, 1.0],
                [0.569521, -0.108149, 0.814831, -0.048926, 0.809792, 0.243879, -0.53363, 0.091021, -0.141009, 0.963757, 0.226472, 0.602077, 0.0, 0.0, 0.0, 1.0],
                [0.612714, -0.095049, 0.784569, -0.048926, 0.77751, 0.250415, -0.576863, 0.131391, -0.141638, 0.963461, 0.227334, 0.602077, 0.0, 0.0, 0.0, 1.0],
                [0.657757, -0.081037, 0.748858, -0.048926, 0.739776, 0.256568, -0.622016, 0.174438, -0.141727, 0.963123, 0.228709, 0.602077, 0.0, 0.0, 0.0, 1.0],
                [0.702772, -0.066372, 0.708312, -0.048926, 0.697244, 0.261994, -0.66724, 0.219044, -0.141287, 0.962784, 0.2304, 0.602077, 0.0, 0.0, 0.0, 1.0],
                [0.746048, -0.051378, 0.663907, -0.048926, 0.650931, 0.266421, -0.71085, 0.264089, -0.140357, 0.962486, 0.232207, 0.602077, 0.0, 0.0, 0.0, 1.0],
                [0.786149, -0.036428, 0.616962, -0.048926, 0.602203, 0.269667, -0.75142, 0.308454, -0.139002, 0.962264, 0.233936, 0.602077, 0.0, 0.0, 0.0, 1.0],
                [0.821985, -0.021921, 0.569086, -0.048926, 0.552705, 0.271647, -0.787861, 0.351022, -0.137319, 0.962147, 0.235406, 0.602077, 0.0, 0.0, 0.0, 1.0],
                [0.852857, -0.00826, 0.52208, -0.048926, 0.504276, 0.272369, -0.819464, 0.390673, -0.13543, 0.962157, 0.236457, 0.602077, 0.0, 0.0, 0.0, 1.0],
                [0.878438, 0.004177, 0.477838, -0.048926, 0.458838, 0.271924, -0.845887, 0.426288, -0.133468, 0.96231, 0.236952, 0.602077, 0.0, 0.0, 0.0, 1.0],
                [0.898723, 0.015043, 0.438258, -0.048926, 0.418311, 0.270461, -0.867103, 0.456749, -0.131576, 0.962614, 0.236777, 0.602077, 0.0, 0.0, 0.0, 1.0],
                [0.913923, 0.02404, 0.405175, -0.048926, 0.384544, 0.26816, -0.883299, 0.480936, -0.129886, 0.963074, 0.235833, 0.602077, 0.0, 0.0, 0.0, 1.0],
                [0.924773, 0.031652, 0.3792, -0.048926, 0.358311, 0.263026, -0.895785, 0.498351, -0.128093, 0.964269, 0.231898, 0.602077, 0.0, 0.0, 0.0, 1.0],
                [0.933619, 0.038993, 0.356139, -0.048926, 0.335275, 0.255281, -0.906875, 0.510971, -0.126277, 0.96608, 0.225261, 0.602077, 0.0, 0.0, 0.0, 1.0],
                [0.942681, 0.046836, 0.330393, -0.048926, 0.309385, 0.248322, -0.917942, 0.521392, -0.125036, 0.967544, 0.219598, 0.602077, 0.0, 0.0, 0.0, 1.0],
                [0.953498, 0.056078, 0.296137, -0.048926, 0.274338, 0.245429, -0.929787, 0.532213, -0.124821, 0.967791, 0.218632, 0.602077, 0.0, 0.0, 0.0, 1.0],
                [0.966195, 0.066955, 0.248968, -0.048926, 0.224749, 0.254401, -0.940621, 0.545473, -0.126316, 0.964778, 0.230753, 0.602077, 0.0, 0.0, 0.0, 1.0],
                [0.978467, 0.079782, 0.19036, -0.048926, 0.161496, 0.278408, -0.946788, 0.560987, -0.128535, 0.957143, 0.259529, 0.602077, 0.0, 0.0, 0.0, 1.0],
                [0.987726, 0.095694, 0.123452, -0.048926, 0.087806, 0.313487, -0.945524, 0.578015, -0.129181, 0.944758, 0.301237, 0.602077, 0.0, 0.0, 0.0, 1.0],
                [0.99196, 0.115378, 0.05199, -0.048926, 0.007647, 0.355424, -0.934674, 0.595816, -0.126319, 0.927557, 0.351685, 0.602077, 0.0, 0.0, 0.0, 1.0],
                [0.990128, 0.138759, -0.019832, -0.048926, -0.074348, 0.399956, -0.913514, 0.613647, -0.118827, 0.90597, 0.406324, 0.602077, 0.0, 0.0, 0.0, 1.0],
                [0.982405, 0.164847, -0.087778, -0.048926, -0.153277, 0.443141, -0.883251, 0.630769, -0.106704, 0.881165, 0.460611, 0.602077, 0.0, 0.0, 0.0, 1.0],
                [0.970194, 0.191816, -0.148085, -0.048926, -0.224538, 0.481767, -0.847044, 0.646439, -0.091134, 0.855048, 0.510478, 0.602077, 0.0, 0.0, 0.0, 1.0],
                [0.955854, 0.21726, -0.197842, -0.048926, -0.284301, 0.513595, -0.809564, 0.659918, -0.074275, 0.830071, 0.552689, 0.602077, 0.0, 0.0, 0.0, 1.0],
                [0.94226, 0.238524, -0.235058, -0.048926, -0.329667, 0.537306, -0.776287, 0.670463, -0.058865, 0.808955, 0.584915, 0.602077, 0.0, 0.0, 0.0, 1.0],
                [0.932328, 0.252992, -0.258378, -0.048926, -0.358443, 0.552157, -0.752756, 0.677333, -0.047776, 0.794429, 0.605475, 0.602077, 0.0, 0.0, 0.0, 1.0],
                [0.928577, 0.258286, -0.266521, -0.048926, -0.36857, 0.557381, -0.743964, 0.679788, -0.043602, 0.78906, 0.612767, 0.602077, 0.0, 0.0, 0.0, 1.0],
                [0.928577, 0.258286, -0.266521, -0.048926, -0.36857, 0.557381, -0.743964, 0.679788, -0.043602, 0.78906, 0.612767, 0.602077, 0.0, 0.0, 0.0, 1.0],
                [0.928577, 0.258286, -0.266521, -0.048926, -0.36857, 0.557381, -0.743964, 0.679788, -0.043602, 0.78906, 0.612767, 0.602077, 0.0, 0.0, 0.0, 1.0],
                [0.928577, 0.258286, -0.266521, -0.048926, -0.36857, 0.557381, -0.743964, 0.679788, -0.043602, 0.78906, 0.612767, 0.602077, 0.0, 0.0, 0.0, 1.0],
                [0.928577, 0.258286, -0.266521, -0.048926, -0.36857, 0.557381, -0.743964, 0.679788, -0.043602, 0.78906, 0.612767, 0.602077, 0.0, 0.0, 0.0, 1.0],
                [0.928577, 0.258286, -0.266521, -0.048926, -0.36857, 0.557381, -0.743964, 0.679788, -0.043602, 0.78906, 0.612767, 0.602077, 0.0, 0.0, 0.0, 1.0],
                [0.928577, 0.258286, -0.266521, -0.048926, -0.36857, 0.557381, -0.743964, 0.679788, -0.043602, 0.78906, 0.612767, 0.602077, 0.0, 0.0, 0.0, 1.0],
                [0.928577, 0.258286, -0.266521, -0.048926, -0.36857, 0.557381, -0.743964, 0.679788, -0.043602, 0.78906, 0.612767, 0.602077, 0.0, 0.0, 0.0, 1.0],
                [0.928577, 0.258286, -0.266521, -0.048926, -0.36857, 0.557381, -0.743964, 0.679788, -0.043602, 0.78906, 0.612767, 0.602077, 0.0, 0.0, 0.0, 1.0],
                [0.928577, 0.258286, -0.266521, -0.048926, -0.36857, 0.557381, -0.743964, 0.679788, -0.043602, 0.78906, 0.612767, 0.602077, 0.0, 0.0, 0.0, 1.0],
                [0.928577, 0.258286, -0.266521, -0.048926, -0.36857, 0.557381, -0.743964, 0.679788, -0.043602, 0.78906, 0.612767, 0.602077, 0.0, 0.0, 0.0, 1.0],
                [0.928545, 0.258233, -0.266684, -0.048953, -0.36865, 0.557045, -0.744176, 0.67989, -0.043616, 0.789314, 0.612439, 0.602178, 0.0, 0.0, 0.0, 1.0],
                [0.928447, 0.258075, -0.267175, -0.049033, -0.368889, 0.556038, -0.744811, 0.680196, -0.043658, 0.790076, 0.611453, 0.602482, 0.0, 0.0, 0.0, 1.0],
                [0.928286, 0.25781, -0.267992, -0.049166, -0.369288, 0.554358, -0.745864, 0.680705, -0.043728, 0.791341, 0.609809, 0.602987, 0.0, 0.0, 0.0, 1.0],
                [0.928059, 0.257437, -0.269133, -0.049352, -0.369846, 0.552005, -0.747332, 0.681417, -0.043828, 0.793106, 0.607505, 0.603694, 0.0, 0.0, 0.0, 1.0],
                [0.927767, 0.256953, -0.270597, -0.049591, -0.370561, 0.548978, -0.749205, 0.682331, -0.043959, 0.79536, 0.604541, 0.604601, 0.0, 0.0, 0.0, 1.0],
                [0.927411, 0.256355, -0.272379, -0.049883, -0.371432, 0.545276, -0.751474, 0.683445, -0.044122, 0.798095, 0.600913, 0.605706, 0.0, 0.0, 0.0, 1.0],
                [0.926991, 0.255639, -0.274477, -0.050226, -0.372457, 0.540897, -0.754126, 0.684757, -0.04432, 0.801298, 0.596621, 0.607008, 0.0, 0.0, 0.0, 1.0],
                [0.926505, 0.2548, -0.276884, -0.050621, -0.373635, 0.53584, -0.757147, 0.686265, -0.044555, 0.804955, 0.591661, 0.608505, 0.0, 0.0, 0.0, 1.0],
                [0.925955, 0.253835, -0.279598, -0.051067, -0.374963, 0.530104, -0.760521, 0.687968, -0.044831, 0.809047, 0.586031, 0.610195, 0.0, 0.0, 0.0, 1.0],
                [0.925341, 0.252736, -0.282611, -0.051562, -0.376439, 0.523688, -0.764229, 0.689862, -0.045149, 0.813557, 0.579729, 0.612074, 0.0, 0.0, 0.0, 1.0],
                [0.924662, 0.251499, -0.285915, -0.052107, -0.378058, 0.51659, -0.768249, 0.691945, -0.045513, 0.818464, 0.572753, 0.614141, 0.0, 0.0, 0.0, 1.0],
                [0.92392, 0.250118, -0.289505, -0.052701, -0.379819, 0.508811, -0.77256, 0.694213, -0.045928, 0.823743, 0.5651, 0.616392, 0.0, 0.0, 0.0, 1.0],
                [0.923114, 0.248584, -0.293371, -0.053342, -0.381717, 0.500351, -0.777136, 0.696663, -0.046396, 0.82937, 0.55677, 0.618823, 0.0, 0.0, 0.0, 1.0],
                [0.922245, 0.246893, -0.297503, -0.05403, -0.383748, 0.491211, -0.781952, 0.69929, -0.046921, 0.835318, 0.547762, 0.621431, 0.0, 0.0, 0.0, 1.0],
                [0.921313, 0.245036, -0.301892, -0.054763, -0.385907, 0.481394, -0.786979, 0.702092, -0.047509, 0.841557, 0.538076, 0.624211, 0.0, 0.0, 0.0, 1.0],
                [0.92032, 0.243006, -0.306527, -0.055541, -0.38819, 0.470903, -0.792186, 0.705064, -0.048162, 0.848056, 0.527714, 0.62716, 0.0, 0.0, 0.0, 1.0],
                [0.919266, 0.240798, -0.311395, -0.056362, -0.39059, 0.459743, -0.797544, 0.7082, -0.048885, 0.854782, 0.516679, 0.630273, 0.0, 0.0, 0.0, 1.0],
                [0.918152, 0.238403, -0.316483, -0.057224, -0.393102, 0.447919, -0.803019, 0.711497, -0.049683, 0.861703, 0.504975, 0.633544, 0.0, 0.0, 0.0, 1.0],
                [0.916978, 0.235816, -0.321779, -0.058128, -0.39572, 0.435442, -0.808577, 0.714949, -0.050559, 0.868782, 0.492608, 0.63697, 0.0, 0.0, 0.0, 1.0],
                [0.915748, 0.233029, -0.327267, -0.05907, -0.398437, 0.422319, -0.814183, 0.718551, -0.051518, 0.875982, 0.479585, 0.640544, 0.0, 0.0, 0.0, 1.0],
                [0.914461, 0.230038, -0.332932, -0.060051, -0.401246, 0.408563, -0.819803, 0.722297, -0.052563, 0.883266, 0.465917, 0.644262, 0.0, 0.0, 0.0, 1.0],
                [0.91312, 0.226837, -0.338758, -0.061067, -0.404139, 0.394189, -0.825401, 0.726182, -0.053697, 0.890595, 0.451616, 0.648117, 0.0, 0.0, 0.0, 1.0],
                [0.911727, 0.223422, -0.344728, -0.062119, -0.407109, 0.379213, -0.830939, 0.730199, -0.054925, 0.897931, 0.436696, 0.652103, 0.0, 0.0, 0.0, 1.0],
                [0.910283, 0.219789, -0.350825, -0.063203, -0.410148, 0.363653, -0.836382, 0.734343, -0.056249, 0.905234, 0.421173, 0.656215, 0.0, 0.0, 0.0, 1.0],
                [0.908791, 0.215935, -0.35703, -0.064319, -0.413246, 0.347531, -0.841695, 0.738606, -0.057672, 0.912466, 0.405067, 0.660446, 0.0, 0.0, 0.0, 1.0],
                [0.907255, 0.211858, -0.363325, -0.065464, -0.416395, 0.330871, -0.846841, 0.742983, -0.059197, 0.919587, 0.388401, 0.66479, 0.0, 0.0, 0.0, 1.0],
                [0.905675, 0.207558, -0.369692, -0.066638, -0.419587, 0.313698, -0.851787, 0.747467, -0.060824, 0.92656, 0.371198, 0.669239, 0.0, 0.0, 0.0, 1.0],
                [0.904056, 0.203035, -0.376111, -0.067837, -0.422811, 0.296043, -0.856498, 0.75205, -0.062554, 0.933346, 0.353485, 0.673787, 0.0, 0.0, 0.0, 1.0],
                [0.902401, 0.198291, -0.382562, -0.069061, -0.42606, 0.277936, -0.860944, 0.756726, -0.064389, 0.939911, 0.335294, 0.678428, 0.0, 0.0, 0.0, 1.0],
                [0.900712, 0.193328, -0.389026, -0.070307, -0.429322, 0.259411, -0.865094, 0.761487, -0.066329, 0.946219, 0.316655, 0.683153, 0.0, 0.0, 0.0, 1.0],
                [0.898995, 0.188151, -0.395485, -0.071573, -0.43259, 0.240505, -0.868921, 0.766326, -0.068372, 0.952238, 0.297605, 0.687955, 0.0, 0.0, 0.0, 1.0],
                [0.897251, 0.182765, -0.401918, -0.072858, -0.435853, 0.221254, -0.872398, 0.771236, -0.070518, 0.957937, 0.278179, 0.692828, 0.0, 0.0, 0.0, 1.0],
                [0.895485, 0.177178, -0.408307, -0.07416, -0.439103, 0.2017, -0.875503, 0.776209, -0.072764, 0.963289, 0.258419, 0.697763, 0.0, 0.0, 0.0, 1.0],
                [0.893701, 0.171397, -0.414633, -0.075476, -0.442331, 0.181884, -0.878215, 0.781238, -0.075108, 0.968267, 0.238364, 0.702753, 0.0, 0.0, 0.0, 1.0],
                [0.891904, 0.165432, -0.42088, -0.076804, -0.445527, 0.161849, -0.880517, 0.786314, -0.077547, 0.97285, 0.218059, 0.70779, 0.0, 0.0, 0.0, 1.0],
                [0.890096, 0.159294, -0.427029, -0.078143, -0.448683, 0.141641, -0.882395, 0.79143, -0.080075, 0.977018, 0.197546, 0.712867, 0.0, 0.0, 0.0, 1.0],
                [0.888283, 0.152994, -0.433065, -0.07949, -0.451791, 0.121303, -0.883838, 0.796578, -0.08269, 0.980754, 0.176873, 0.717976, 0.0, 0.0, 0.0, 1.0],
                [0.886469, 0.146546, -0.438973, -0.080844, -0.454844, 0.100883, -0.884839, 0.80175, -0.085385, 0.984046, 0.156086, 0.723108, 0.0, 0.0, 0.0, 1.0],
                [0.884656, 0.139965, -0.444739, -0.082201, -0.457834, 0.080427, -0.885392, 0.806938, -0.088154, 0.986885, 0.135231, 0.728256, 0.0, 0.0, 0.0, 1.0],
                [0.882851, 0.133264, -0.45035, -0.083561, -0.460754, 0.059981, -0.885499, 0.812133, -0.090992, 0.989264, 0.114356, 0.733413, 0.0, 0.0, 0.0, 1.0]
            ]
        },
        {
            "name": "Thigh_R",
            "time": [0.0, 0.0167, 0.0333, 0.05, 0.0667, 0.0833, 0.1, 0.1167, 0.1333, 0.15, 0.1667, 0.1833, 0.2, 0.2167, 0.2333, 0.25, 0.2667, 0.2833, 0.3, 0.3167, 0.3333, 0.35, 0.3667, 0.3833, 0.4, 0.4167, 0.4333, 0.45, 0.4667, 0.4833, 0.5, 0.5167, 0.5333, 0.55, 0.5667, 0.5833, 0.6, 0.6167, 0.6333, 0.65, 0.6667, 0.6833, 0.7, 0.7167, 0.7333, 0.75, 0.7667, 0.7833, 0.8, 0.8167, 0.8333, 0.85, 0.8667, 0.8833, 0.9, 0.9167, 0.9333, 0.95, 0.9667, 0.9833, 1.0, 1.0167, 1.0333, 1.05, 1.0667, 1.0833, 1.1, 1.1167, 1.1333, 1.15, 1.1667, 1.1833, 1.2, 1.2167, 1.2333, 1.25, 1.2667, 1.2833, 1.3, 1.3167, 1.3333, 1.35, 1.3667, 1.3833, 1.4, 1.4167, 1.4333, 1.45, 1.4667, 1.4833, 1.5, 1.5167, 1.5333, 1.55, 1.5667, 1.5833, 1.6, 1.6167, 1.6333, 1.65, 1.6667],
            "transform": [
                [0.921377, 0.371265, -0.115006, 0.124994, 0.296269, -0.479356, 0.826102, -0.002831, 0.251574, -0.795222, -0.551663, -1.2e-05, 0.0, 0.0, 0.0, 1.0],
                [0.920555, 0.374634, -0.110583, 0.124994, 0.294085, -0.478385, 0.827443, -0.002831, 0.257088, -0.794225, -0.550555, -1.2e-05, 0.0, 0.0, 0.0, 1.0],
                [0.917972, 0.384374, -0.097899, 0.124994, 0.287809, -0.47564, 0.831223, -0.002831, 0.272936, -0.791214, -0.547252, -1.2e-05, 0.0, 0.0, 0.0, 1.0],
                [0.91321, 0.399966, -0.077933, 0.124994, 0.277913, -0.471456, 0.836955, -0.002831, 0.298012, -0.785973, -0.541695, -1.2e-05, 0.0, 0.0, 0.0, 1.0],
                [0.905631, 0.420891, -0.051791, 0.124994, 0.264944, -0.466214, 0.844067, -0.002831, 0.331115, -0.778134, -0.533731, -1.2e-05, 0.0, 0.0, 0.0, 1.0],
                [0.894515, 0.446557, -0.020689, 0.124994, 0.249506, -0.460321, 0.851969, -0.002831, 0.370929, -0.767259, -0.523185, -1.2e-05, 0.0, 0.0, 0.0, 1.0],
                [0.879191, 0.47626, 0.014081, 0.124994, 0.232252, -0.454173, 0.860108, -0.002831, 0.416031, -0.752927, -0.509919, -1.2e-05, 0.0, 0.0, 0.0, 1.0],
                [0.859145, 0.509163, 0.051194, 0.124994, 0.213855, -0.448126, 0.868014, -0.002831, 0.464903, -0.734801, -0.493893, -1.2e-05, 0.0, 0.0, 0.0, 1.0],
                [0.834115, 0.544306, 0.089341, 0.124994, 0.194981, -0.442469, 0.875331, -0.002831, 0.51598, -0.712705, -0.4752, -1.2e-05, 0.0, 0.0, 0.0, 1.0],
                [0.80414, 0.580648, 0.1273, 0.124994, 0.176258, -0.437425, 0.881813, -0.002831, 0.567707, -0.686662, -0.454095, -1.2e-05, 0.0, 0.0, 0.0, 1.0],
                [0.769592, 0.617119, 0.163986, 0.124994, 0.158242, -0.433128, 0.887333, -0.002831, 0.618618, -0.656933, -0.430987, -1.2e-05, 0.0, 0.0, 0.0, 1.0],
                [0.731154, 0.652693, 0.198506, 0.124994, 0.141392, -0.429633, 0.891866, -0.002831, 0.667399, -0.624023, -0.406414, -1.2e-05, 0.0, 0.0, 0.0, 1.0],
                [0.689785, 0.686446, 0.23019, 0.124994, 0.126042, -0.426932, 0.895456, -0.002831, 0.712959, -0.588658, -0.381013, -1.2e-05, 0.0, 0.0, 0.0, 1.0],
                [0.646647, 0.717617, 0.258596, 0.124994, 0.112401, -0.424957, 0.898208, -0.002831, 0.754462, -0.551756, -0.355459, -1.2e-05, 0.0, 0.0, 0.0, 1.0],
                [0.603036, 0.745636, 0.283502, 0.124994, 0.100553, -0.423609, 0.900247, -0.002831, 0.791351, -0.514373, -0.330428, -1.2e-05, 0.0, 0.0, 0.0, 1.0],
                [0.560305, 0.770135, 0.304876, 0.124994, 0.090467, -0.422778, 0.901707, -0.002831, 0.823331, -0.477649, -0.306556, -1.2e-05, 0.0, 0.0, 0.0, 1.0],
                [0.519802, 0.790939, 0.32283, 0.124994, 0.08202, -0.422353, 0.902713, -0.002831, 0.85034, -0.442753, -0.284413, -1.2e-05, 0.0, 0.0, 0.0, 1.0],
                [0.482823, 0.808032, 0.337585, 0.124994, 0.075021, -0.422244, 0.903373, -0.002831, 0.872498, -0.410843, -0.264489, -1.2e-05, 0.0, 0.0, 0.0, 1.0],
                [0.450581, 0.82151, 0.349421, 0.124994, 0.069238, -0.422383, 0.903769, -0.002831, 0.890046, -0.383028, -0.247198, -1.2e-05, 0.0, 0.0, 0.0, 1.0],
                [0.424191, 0.83153, 0.358632, 0.124994, 0.064423, -0.422733, 0.903962, -0.002831, 0.903278, -0.360348, -0.232889, -1.2e-05, 0.0, 0.0, 0.0, 1.0],
                [0.404668, 0.838245, 0.365495, 0.124994, 0.060336, -0.423284, 0.903986, -0.002831, 0.912471, -0.343762, -0.221867, -1.2e-05, 0.0, 0.0, 0.0, 1.0],
                [0.395906, 0.839965, 0.3711, 0.124994, 0.056864, -0.425769, 0.903043, -0.002831, 0.916529, -0.336417, -0.216328, -1.2e-05, 0.0, 0.0, 0.0, 1.0],
                [0.400064, 0.835187, 0.377371, 0.124994, 0.054353, -0.432654, 0.89992, -0.002831, 0.914873, -0.339514, -0.218484, -1.2e-05, 0.0, 0.0, 0.0, 1.0],
                [0.415441, 0.823796, 0.385703, 0.124994, 0.053228, -0.445316, 0.89379, -0.002831, 0.908061, -0.350786, -0.228851, -1.2e-05, 0.0, 0.0, 0.0, 1.0],
                [0.440248, 0.80534, 0.396999, 0.124994, 0.053842, -0.465036, 0.883653, -0.002831, 0.89626, -0.36765, -0.248092, -1.2e-05, 0.0, 0.0, 0.0, 1.0],
                [0.472615, 0.779387, 0.411326, 0.124994, 0.056458, -0.492561, 0.868444, -0.002831, 0.879459, -0.387216, -0.276795, -1.2e-05, 0.0, 0.0, 0.0, 1.0],
                [0.510598, 0.74584, 0.427797, 0.124994, 0.061231, -0.52782, 0.847146, -0.002831, 0.857636, -0.406356, -0.315173, -1.2e-05, 0.0, 0.0, 0.0, 1.0],
                [0.55222, 0.705193, 0.444696, 0.124994, 0.068188, -0.569816, 0.818938, -0.002831, 0.830905, -0.421911, -0.36275, -1.2e-05, 0.0, 0.0, 0.0, 1.0],
                [0.595541, 0.658695, 0.459838, 0.124994, 0.077217, -0.616705, 0.783398, -0.002831, 0.799605, -0.431037, -0.418137, -1.2e-05, 0.0, 0.0, 0.0, 1.0],
                [0.638754, 0.608334, 0.471086, 0.124994, 0.088061, -0.666046, 0.740694, -0.002831, 0.764355, -0.431636, -0.47901, -1.2e-05, 0.0, 0.0, 0.0, 1.0],
                [0.680288, 0.55662, 0.476845, 0.124994, 0.100306, -0.715168, 0.691717, -0.002831, 0.726048, -0.422736, -0.542354, -1.2e-05, 0.0, 0.0, 0.0, 1.0],
                [0.718749, 0.506298, 0.476509, 0.124994, 0.11339, -0.761542, 0.638119, -0.002831, 0.68596, -0.404616, -0.604768, -1.2e-05, 0.0, 0.0, 0.0, 1.0],
                [0.751923, 0.460676, 0.471582, 0.124994, 0.126664, -0.802954, 0.582426, -0.002831, 0.646968, -0.378206, -0.662111, -1.2e-05, 0.0, 0.0, 0.0, 1.0],
                [0.777611, 0.422951, 0.465223, 0.124994, 0.139799, -0.837707, 0.527922, -0.002831, 0.613006, -0.34548, -0.710539, -1.2e-05, 0.0, 0.0, 0.0, 1.0],
                [0.794031, 0.395664, 0.46148, 0.124994, 0.152801, -0.864704, 0.478473, -0.002831, 0.588359, -0.309407, -0.747061, -1.2e-05, 0.0, 0.0, 0.0, 1.0],
                [0.799593, 0.380573, 0.464559, 0.124994, 0.165796, -0.883392, 0.438324, -0.002831, 0.577202, -0.273458, -0.769453, -1.2e-05, 0.0, 0.0, 0.0, 1.0],
                [0.793245, 0.377707, 0.477598, 0.124994, 0.17998, -0.894751, 0.408686, -0.002831, 0.581696, -0.238229, -0.777738, -1.2e-05, 0.0, 0.0, 0.0, 1.0],
                [0.776051, 0.385179, 0.49938, 0.124994, 0.196688, -0.90015, 0.388643, -0.002831, 0.599215, -0.203384, -0.774323, -1.2e-05, 0.0, 0.0, 0.0, 1.0],
                [0.749567, 0.401407, 0.526327, 0.124994, 0.215811, -0.899893, 0.378966, -0.002831, 0.625759, -0.170473, -0.76116, -1.2e-05, 0.0, 0.0, 0.0, 1.0],
                [0.686258, 0.439539, 0.57953, 0.124994, 0.241261, -0.889206, 0.388721, -0.00283, 0.686179, -0.126944, -0.71627, -1.2e-05, 0.0, 0.0, 0.0, 1.0],
                [0.654413, 0.464993, 0.59626, 0.124994, 0.25646, -0.878311, 0.40348, -0.002831, 0.711317, -0.111125, -0.694031, -1.2e-05, 0.0, 0.0, 0.0, 1.0],
                [0.684541, 0.467966, 0.558939, 0.124994, 0.257638, -0.87257, 0.415019, -0.002831, 0.681929, -0.140093, -0.717876, -1.2e-05, 0.0, 0.0, 0.0, 1.0],
                [0.716666, 0.471803, 0.513606, 0.124994, 0.254598, -0.862603, 0.437142, -0.002831, 0.649284, -0.182522, -0.73832, -1.2e-05, 0.0, 0.0, 0.0, 1.0],
                [0.748525, 0.474617, 0.463087, 0.124994, 0.249228, -0.848518, 0.466799, -0.002831, 0.614489, -0.233996, -0.753425, -1.2e-05, 0.0, 0.0, 0.0, 1.0],
                [0.778131, 0.475066, 0.410882, 0.124994, 0.242965, -0.830901, 0.50057, -0.002831, 0.579206, -0.289679, -0.761976, -1.2e-05, 0.0, 0.0, 0.0, 1.0],
                [0.803958, 0.472688, 0.360855, 0.124994, 0.236695, -0.811008, 0.535014, -0.002831, 0.545551, -0.344716, -0.763901, -1.2e-05, 0.0, 0.0, 0.0, 1.0],
                [0.825029, 0.467984, 0.316729, 0.124994, 0.230772, -0.790651, 0.567109, -0.002831, 0.515821, -0.394789, -0.76031, -1.2e-05, 0.0, 0.0, 0.0, 1.0],
                [0.840852, 0.462238, 0.281608, 0.124994, 0.225183, -0.77186, 0.594579, -0.002831, 0.492199, -0.436538, -0.75311, -1.2e-05, 0.0, 0.0, 0.0, 1.0],
                [0.851211, 0.45718, 0.257733, 0.124994, 0.219802, -0.756487, 0.615964, -0.002831, 0.476579, -0.467664, -0.744421, -1.2e-05, 0.0, 0.0, 0.0, 1.0],
                [0.85586, 0.454644, 0.246582, 0.124994, 0.214665, -0.746003, 0.630395, -0.002831, 0.470556, -0.486596, -0.736071, -1.2e-05, 0.0, 0.0, 0.0, 1.0],
                [0.854198, 0.456301, 0.249266, 0.124994, 0.210223, -0.741564, 0.637094, -0.002831, 0.475554, -0.491802, -0.729369, -1.2e-05, 0.0, 0.0, 0.0, 1.0],
                [0.847412, 0.461724, 0.262113, 0.124994, 0.205302, -0.74024, 0.640231, -0.002831, 0.489637, -0.488725, -0.722083, -1.2e-05, 0.0, 0.0, 0.0, 1.0],
                [0.838589, 0.468456, 0.27806, 0.124994, 0.19906, -0.738626, 0.644054, -0.002831, 0.507094, -0.484745, -0.712655, -1.2e-05, 0.0, 0.0, 0.0, 1.0],
                [0.8297, 0.474912, 0.293353, 0.124994, 0.19293, -0.737109, 0.647648, -0.002831, 0.523809, -0.480756, -0.703206, -1.2e-05, 0.0, 0.0, 0.0, 1.0],
                [0.822847, 0.479688, 0.304666, 0.124994, 0.188301, -0.736007, 0.650258, -0.002831, 0.536157, -0.477693, -0.695949, -1.2e-05, 0.0, 0.0, 0.0, 1.0],
                [0.820115, 0.481546, 0.309069, 0.124994, 0.186479, -0.735583, 0.651262, -0.002831, 0.540959, -0.476474, -0.693062, -1.2e-05, 0.0, 0.0, 0.0, 1.0],
                [0.820115, 0.481546, 0.309069, 0.124994, 0.186479, -0.735583, 0.651262, -0.002831, 0.540959, -0.476474, -0.693062, -1.2e-05, 0.0, 0.0, 0.0, 1.0],
                [0.820115, 0.481546, 0.309069, 0.124994, 0.186479, -0.735583, 0.651261, -0.002831, 0.540959, -0.476473, -0.693063, -1.2e-05, 0.0, 0.0, 0.0, 1.0],
                [0.820115, 0.481546, 0.309069, 0.124994, 0.186479, -0.735583, 0.651261, -0.002831, 0.540959, -0.476473, -0.693063, -1.2e-05, 0.0, 0.0, 0.0, 1.0],
                [0.820115, 0.481546, 0.309069, 0.124994, 0.186479, -0.735583, 0.651261, -0.002831, 0.540959, -0.476473, -0.693063, -1.2e-05, 0.0, 0.0, 0.0, 1.0],
                [0.820115, 0.481546, 0.309069, 0.124994, 0.186479, -0.735583, 0.651261, -0.002831, 0.540959, -0.476473, -0.693063, -1.2e-05, 0.0, 0.0, 0.0, 1.0],
                [0.820294, 0.481337, 0.30892, 0.124994, 0.186917, -0.736079, 0.650576, -0.002831, 0.540536, -0.47592, -0.693773, -1.2e-05, 0.0, 0.0, 0.0, 1.0],
                [0.820818, 0.480715, 0.308495, 0.124994, 0.188223, -0.737565, 0.648513, -0.002831, 0.539285, -0.474244, -0.69589, -1.2e-05, 0.0, 0.0, 0.0, 1.0],
                [0.82167, 0.479694, 0.307816, 0.124994, 0.190379, -0.740032, 0.645064, -0.002831, 0.537228, -0.471427, -0.699387, -1.2e-05, 0.0, 0.0, 0.0, 1.0],
                [0.822828, 0.478287, 0.306909, 0.124994, 0.193366, -0.743468, 0.640207, -0.002831, 0.53438, -0.467434, -0.704232, -1.2e-05, 0.0, 0.0, 0.0, 1.0],
                [0.824278, 0.476504, 0.305794, 0.124994, 0.197159, -0.747858, 0.633906, -0.002831, 0.53075, -0.462224, -0.710391, -1.2e-05, 0.0, 0.0, 0.0, 1.0],
                [0.826021, 0.477412, 0.299608, 0.124994, 0.201665, -0.746702, 0.63385, -0.002831, 0.526326, -0.463152, -0.713071, -1.2e-05, 0.0, 0.0, 0.0, 1.0],
                [0.828146, 0.482741, 0.284838, 0.124994, 0.206568, -0.73526, 0.645538, -0.002831, 0.521059, -0.47576, -0.708624, -1.2e-05, 0.0, 0.0, 0.0, 1.0],
                [0.830755, 0.49017, 0.263773, 0.124994, 0.211492, -0.716286, 0.664984, -0.002831, 0.514893, -0.496653, -0.698727, -1.2e-05, 0.0, 0.0, 0.0, 1.0],
                [0.833962, 0.497545, 0.238651, 0.124994, 0.216028, -0.692329, 0.688484, -0.002831, 0.507778, -0.522614, -0.684861, -1.2e-05, 0.0, 0.0, 0.0, 1.0],
                [0.837885, 0.50323, 0.21144, 0.124994, 0.21972, -0.665535, 0.713292, -0.002831, 0.499671, -0.551198, -0.668214, -1.2e-05, 0.0, 0.0, 0.0, 1.0],
                [0.842644, 0.506112, 0.183849, 0.124994, 0.222075, -0.637677, 0.737598, -0.002831, 0.490543, -0.580703, -0.649732, -1.2e-05, 0.0, 0.0, 0.0, 1.0],
                [0.84835, 0.505493, 0.157411, 0.124994, 0.222561, -0.610268, 0.760288, -0.002831, 0.480384, -0.609955, -0.630225, -1.2e-05, 0.0, 0.0, 0.0, 1.0],
                [0.855078, 0.501, 0.13356, 0.124994, 0.220647, -0.5847, 0.780667, -0.002831, 0.469207, -0.638061, -0.610509, -1.2e-05, 0.0, 0.0, 0.0, 1.0],
                [0.862849, 0.49251, 0.113684, 0.124994, 0.215838, -0.562381, 0.798211, -0.002831, 0.457061, -0.664197, -0.591554, -1.2e-05, 0.0, 0.0, 0.0, 1.0],
                [0.87159, 0.480106, 0.099128, 0.124994, 0.207758, -0.544894, 0.812359, -0.002831, 0.444033, -0.687448, -0.574672, -1.2e-05, 0.0, 0.0, 0.0, 1.0],
                [0.880751, 0.465212, 0.08863, 0.124994, 0.197558, -0.531006, 0.824016, -0.002831, 0.430406, -0.708242, -0.559592, -1.2e-05, 0.0, 0.0, 0.0, 1.0],
                [0.889766, 0.449319, 0.080183, 0.124994, 0.18673, -0.518662, 0.834339, -0.002831, 0.416472, -0.727392, -0.54539, -1.2e-05, 0.0, 0.0, 0.0, 1.0],
                [0.898477, 0.432756, 0.073889, 0.124994, 0.175576, -0.508458, 0.842997, -0.002831, 0.402382, -0.744439, -0.532821, -1.2e-05, 0.0, 0.0, 0.0, 1.0],
                [0.906751, 0.415858, 0.069738, 0.124994, 0.164429, -0.501012, 0.849677, -0.002831, 0.388285, -0.758977, -0.522673, -1.2e-05, 0.0, 0.0, 0.0, 1.0],
                [0.914481, 0.39894, 0.067607, 0.124994, 0.15365, -0.496945, 0.854071, -0.002831, 0.37432, -0.770642, -0.515745, -1.2e-05, 0.0, 0.0, 0.0, 1.0],
                [0.921589, 0.382298, 0.067231, 0.124994, 0.143639, -0.496783, 0.855906, -0.002831, 0.360611, -0.779135, -0.512745, -1.2e-05, 0.0, 0.0, 0.0, 1.0],
                [0.928022, 0.366246, 0.068095, 0.124994, 0.134865, -0.500705, 0.855047, -0.002831, 0.347253, -0.784318, -0.51406, -1.2e-05, 0.0, 0.0, 0.0, 1.0],
                [0.933763, 0.351055, 0.069609, 0.124994, 0.127777, -0.508691, 0.851414, -0.002831, 0.334303, -0.786123, -0.519855, -1.2e-05, 0.0, 0.0, 0.0, 1.0],
                [0.938824, 0.336959, 0.071186, 0.124994, 0.122779, -0.520582, 0.844938, -0.002831, 0.321768, -0.784506, -0.530107, -1.2e-05, 0.0, 0.0, 0.0, 1.0],
                [0.943234, 0.32417, 0.072268, 0.124994, 0.120223, -0.536084, 0.835559, -0.002831, 0.309605, -0.779438, -0.544626, -1.2e-05, 0.0, 0.0, 0.0, 1.0],
                [0.947029, 0.312894, 0.072342, 0.124994, 0.120411, -0.554778, 0.823239, -0.002831, 0.297721, -0.770919, -0.563067, -1.2e-05, 0.0, 0.0, 0.0, 1.0],
                [0.950234, 0.30335, 0.070957, 0.124994, 0.123597, -0.576148, 0.807946, -0.002831, 0.285972, -0.758966, -0.584969, -1.2e-05, 0.0, 0.0, 0.0, 1.0],
                [0.952855, 0.295768, 0.067729, 0.124994, 0.129992, -0.599614, 0.789662, -0.002831, 0.274168, -0.743627, -0.609793, -1.2e-05, 0.0, 0.0, 0.0, 1.0],
                [0.954872, 0.290398, 0.062352, 0.124994, 0.139769, -0.62456, 0.768368, -0.002831, 0.262075, -0.724977, -0.636965, -1.2e-05, 0.0, 0.0, 0.0, 1.0],
                [0.956223, 0.287498, 0.054604, 0.124994, 0.153064, -0.650399, 0.744011, -0.002831, 0.249416, -0.703081, -0.665933, -1.2e-05, 0.0, 0.0, 0.0, 1.0],
                [0.957049, 0.286266, 0.045918, 0.124994, 0.167883, -0.676311, 0.71723, -0.002831, 0.236373, -0.678714, -0.695324, -1.2e-05, 0.0, 0.0, 0.0, 1.0],
                [0.95755, 0.285757, 0.037933, 0.124994, 0.182137, -0.701753, 0.688743, -0.002831, 0.223433, -0.652596, -0.724013, -1.2e-05, 0.0, 0.0, 0.0, 1.0],
                [0.957727, 0.286024, 0.030814, 0.124994, 0.1958, -0.726569, 0.658604, -0.002831, 0.210765, -0.624728, -0.751859, -1.2e-05, 0.0, 0.0, 0.0, 1.0],
                [0.957578, 0.287109, 0.024736, 0.124994, 0.20886, -0.750606, 0.62687, -0.002831, 0.198547, -0.59511, -0.778731, -1.2e-05, 0.0, 0.0, 0.0, 1.0],
                [0.95711, 0.289041, 0.019882, 0.124994, 0.221325, -0.773711, 0.593621, -0.002831, 0.186963, -0.563759, -0.8045, -1.2e-05, 0.0, 0.0, 0.0, 1.0],
                [0.956327, 0.291835, 0.016443, 0.124994, 0.233221, -0.795738, 0.558935, -0.002831, 0.176201, -0.530688, -0.829049, -1.2e-05, 0.0, 0.0, 0.0, 1.0],
                [0.955233, 0.29549, 0.01461, 0.124994, 0.244591, -0.816543, 0.522905, -0.002831, 0.166443, -0.495922, -0.852266, -1.2e-05, 0.0, 0.0, 0.0, 1.0],
                [0.953833, 0.299983, 0.014578, 0.124994, 0.255501, -0.835994, 0.485626, -0.002831, 0.157867, -0.45948, -0.874046, -1.2e-05, 0.0, 0.0, 0.0, 1.0],
                [0.952123, 0.305266, 0.016541, 0.124994, 0.266026, -0.853964, 0.447184, -0.002831, 0.150635, -0.421373, -0.894289, -1.2e-05, 0.0, 0.0, 0.0, 1.0],
                [0.950097, 0.311265, 0.020685, 0.124994, 0.27626, -0.870339, 0.407661, -0.002831, 0.144894, -0.381603, -0.912899, -1.2e-05, 0.0, 0.0, 0.0, 1.0]
            ]
        },
        {
            "name": "Leg_R",
            "time": [0.0, 0.0167, 0.0333, 0.05, 0.0667, 0.0833, 0.1, 0.1167, 0.1333, 0.15, 0.1667, 0.1833, 0.2, 0.2167, 0.2333, 0.25, 0.2667, 0.2833, 0.3, 0.3167, 0.3333, 0.35, 0.3667, 0.3833, 0.4, 0.4167, 0.4333, 0.45, 0.4667, 0.4833, 0.5, 0.5167, 0.5333, 0.55, 0.5667, 0.5833, 0.6, 0.6167, 0.6333, 0.65, 0.6667, 0.6833, 0.7, 0.7167, 0.7333, 0.75, 0.7667, 0.7833, 0.8, 0.8167, 0.8333, 0.85, 0.8667, 0.8833, 0.9, 0.9167, 0.9333, 0.95, 0.9667, 0.9833, 1.0, 1.0167, 1.0333, 1.05, 1.0667, 1.0833, 1.1, 1.1167, 1.1333, 1.15, 1.1667, 1.1833, 1.2, 1.2167, 1.2333, 1.25, 1.2667, 1.2833, 1.3, 1.3167, 1.3333, 1.35, 1.3667, 1.3833, 1.4, 1.4167, 1.4333, 1.45, 1.4667, 1.4833, 1.5, 1.5167, 1.5333, 1.55, 1.5667, 1.5833, 1.6, 1.6167, 1.6333, 1.65, 1.6667],
            "transform": [
                [1.0, -1e-06, 1e-06, 0.0, -0.0, 0.73188, 0.681435, 0.374726, -1e-06, -0.681438, 0.731874, -0.0, 0.0, 0.0, 0.0, 1.0],
                [1.0, -0.0, 1e-06, -0.0, -0.0, 0.729505, 0.683976, 0.374726, -1e-06, -0.683979, 0.729499, -0.0, 0.0, 0.0, 0.0, 1.0],
                [1.0, -1e-06, 1e-06, -0.0, -0.0, 0.722683, 0.691181, 0.374726, -1e-06, -0.691184, 0.722678, -0.0, 0.0, 0.0, 0.0, 1.0],
                [1.0, -1e-06, 1e-06, 0.0, -0.0, 0.711923, 0.70226, 0.374726, -1e-06, -0.702262, 0.711917, -0.0, 0.0, 0.0, 0.0, 1.0],
                [1.0, -1e-06, 1e-06, -0.0, -0.0, 0.697757, 0.716336, 0.374726, -1e-06, -0.716339, 0.697751, -0.0, 0.0, 0.0, 0.0, 1.0],
                [1.000001, -1e-06, 1e-06, -0.0, -0.0, 0.680743, 0.732524, 0.374726, -1e-06, -0.732527, 0.680737, 0.0, 0.0, 0.0, 0.0, 1.0],
                [1.0, -1e-06, 1e-06, -0.0, -0.0, 0.661439, 0.75, 0.374726, -1e-06, -0.750003, 0.661433, 0.0, 0.0, 0.0, 0.0, 1.0],
                [1.0, -1e-06, 1e-06, 0.0, -0.0, 0.640399, 0.768043, 0.374726, -1e-06, -0.768046, 0.640394, 0.0, 0.0, 0.0, 0.0, 1.0],
                [1.0, -1e-06, 1e-06, 0.0, -0.0, 0.618146, 0.786065, 0.374726, -1e-06, -0.786067, 0.618141, -0.0, 0.0, 0.0, 0.0, 1.0],
                [1.0, -1e-06, 1e-06, -0.0, -0.0, 0.595182, 0.803591, 0.374726, -1e-06, -0.803594, 0.595178, 0.0, 0.0, 0.0, 0.0, 1.0],
                [1.0, -1e-06, 1e-06, -0.0, -0.0, 0.571959, 0.820282, 0.374726, -1e-06, -0.820285, 0.571955, 0.0, 0.0, 0.0, 0.0, 1.0],
                [1.0, -1e-06, 1e-06, 0.0, -0.0, 0.548878, 0.835902, 0.374726, -1e-06, -0.835905, 0.548874, 0.0, 0.0, 0.0, 0.0, 1.0],
                [1.0, -1e-06, 1e-06, -0.0, -0.0, 0.526297, 0.850301, 0.374726, -1e-06, -0.850303, 0.526294, -0.0, 0.0, 0.0, 0.0, 1.0],
                [1.000001, -1e-06, 1e-06, 0.0, -0.0, 0.50451, 0.863406, 0.374726, -1e-06, -0.863409, 0.504506, -0.0, 0.0, 0.0, 0.0, 1.0],
                [1.000001, -1e-06, 1e-06, 0.0, -0.0, 0.483763, 0.875198, 0.374726, -1e-06, -0.875201, 0.483759, 0.0, 0.0, 0.0, 0.0, 1.0],
                [1.0, -1e-06, 1e-06, -0.0, -0.0, 0.464262, 0.885697, 0.374726, -1e-06, -0.8857, 0.464259, 0.0, 0.0, 0.0, 0.0, 1.0],
                [1.0, -1e-06, 1e-06, -0.0, -0.0, 0.446176, 0.894945, 0.374726, -1e-06, -0.894947, 0.446173, -0.0, 0.0, 0.0, 0.0, 1.0],
                [1.0, -1e-06, 1e-06, 0.0, -0.0, 0.429651, 0.902994, 0.374726, -1e-06, -0.902997, 0.429648, -0.0, 0.0, 0.0, 0.0, 1.0],
                [1.000001, -1e-06, 1e-06, -0.0, -0.0, 0.414829, 0.909899, 0.374726, -1e-06, -0.909901, 0.414827, -0.0, 0.0, 0.0, 0.0, 1.0],
                [1.0, -1e-06, 1e-06, -0.0, -0.0, 0.401856, 0.915702, 0.374726, -1e-06, -0.915704, 0.401853, -0.0, 0.0, 0.0, 0.0, 1.0],
                [1.000001, -1e-06, 1e-06, 0.0, -0.0, 0.390898, 0.920433, 0.374726, -1e-06, -0.920435, 0.390895, 0.0, 0.0, 0.0, 0.0, 1.0],
                [1.0, -1e-06, 1e-06, 0.0, -0.0, 0.374958, 0.927041, 0.374726, -1e-06, -0.927043, 0.374955, -0.0, 0.0, 0.0, 0.0, 1.0],
                [1.0, -1e-06, 0.0, -0.0, -0.0, 0.349273, 0.93702, 0.374726, -1e-06, -0.937023, 0.34927, 0.0, 0.0, 0.0, 0.0, 1.0],
                [1.0, -1e-06, 0.0, -0.0, -0.0, 0.318003, 0.948089, 0.374726, -1e-06, -0.948091, 0.318001, -0.0, 0.0, 0.0, 0.0, 1.0],
                [1.0, -1e-06, 0.0, 0.0, -0.0, 0.285629, 0.95834, 0.374726, -1e-06, -0.958342, 0.285627, -0.0, 0.0, 0.0, 0.0, 1.0],
                [0.999999, -1e-06, 0.0, -0.0, -0.0, 0.256413, 0.966566, 0.374726, -1e-06, -0.966568, 0.256412, 0.0, 0.0, 0.0, 0.0, 1.0],
                [1.0, -1e-06, 0.0, -0.0, -0.0, 0.233994, 0.972237, 0.374726, -1e-06, -0.972239, 0.233992, 0.0, 0.0, 0.0, 0.0, 1.0],
                [1.0, -1e-06, 0.0, 0.0, -0.0, 0.22108, 0.975255, 0.374726, -1e-06, -0.975257, 0.221078, -0.0, 0.0, 0.0, 0.0, 1.0],
                [1.000001, -1e-06, 0.0, 0.0, -0.0, 0.219292, 0.975659, 0.374726, -1e-06, -0.975661, 0.21929, 0.0, 0.0, 0.0, 0.0, 1.0],
                [1.0, -1e-06, 0.0, 0.0, -0.0, 0.229086, 0.973405, 0.374726, -1e-06, -0.973407, 0.229085, 0.0, 0.0, 0.0, 0.0, 1.0],
                [1.0, -1e-06, 0.0, 0.0, -0.0, 0.249784, 0.968301, 0.374726, -1e-06, -0.968303, 0.249782, -0.0, 0.0, 0.0, 0.0, 1.0],
                [1.0, -1e-06, 1e-06, -0.0, -0.0, 0.279656, 0.960099, 0.374726, -1e-06, -0.960101, 0.279654, 0.0, 0.0, 0.0, 0.0, 1.0],
                [1.0, -1e-06, 0.0, 0.0, -0.0, 0.316066, 0.948737, 0.374726, -1e-06, -0.948739, 0.316064, -0.0, 0.0, 0.0, 0.0, 1.0],
                [1.0, -1e-06, 1e-06, -0.0, -0.0, 0.355643, 0.934621, 0.374726, -1e-06, -0.934624, 0.35564, -0.0, 0.0, 0.0, 0.0, 1.0],
                [1.0, -1e-06, 1e-06, -0.0, -0.0, 0.394489, 0.9189, 0.374726, -1e-06, -0.918902, 0.394486, -0.0, 0.0, 0.0, 0.0, 1.0],
                [1.0, -1e-06, 1e-06, 0.0, -0.0, 0.428443, 0.903568, 0.374726, -1e-06, -0.903571, 0.42844, 0.0, 0.0, 0.0, 0.0, 1.0],
