{
    "animation": [
        {
            "name": "Root",
            "time": [0.0, 0.0167, 0.0333, 0.05, 0.0667, 0.0833, 0.1, 0.1167, 0.1333, 0.15, 0.1667, 0.1833, 0.2, 0.2167, 0.2333, 0.25, 0.2667, 0.2833, 0.3, 0.3167, 0.3333, 0.35, 0.3667, 0.3833, 0.4, 0.4167, 0.4333, 0.45, 0.4667, 0.4833, 0.5, 0.5167, 0.5333, 0.55, 0.5667, 0.5833, 0.6, 0.6167, 0.6333, 0.65, 0.6667, 0.6833, 0.7, 0.7167, 0.7333, 0.75, 0.7667, 0.7833, 0.8, 0.8167, 0.8333, 0.85, 0.8667, 0.8833, 0.9, 0.9167, 0.9333, 0.95, 0.9667, 0.9833, 1.0, 1.0167, 1.0333, 1.05, 1.0667, 1.0833, 1.1, 1.1167, 1.1333, 1.15, 1.1667, 1.1833, 1.2, 1.2167, 1.2333, 1.25, 1.2667, 1.2833, 1.3, 1.3167, 1.3333, 1.35, 1.3667, 1.3833, 1.4, 1.4167, 1.4333, 1.45, 1.4667, 1.4833, 1.5, 1.5167, 1.5333, 1.55, 1.5667, 1.5833, 1.6, 1.6167, 1.6333, 1.65, 1.6667],
            "transform": [
                [0.882851, 0.133264, -0.45035, -5e-06, -0.460754, 0.059981, -0.885499, 0.000946, -0.090992, 0.989264, 0.114356, 0.713752, 0.0, 0.0, 0.0, 1.0],
                [0.882851, 0.133264, -0.45035, -5e-06, -0.460754, 0.059981, -0.885499, 0.000959, -0.090992, 0.989264, 0.114356, 0.713752, 0.0, 0.0, 0.0, 1.0],
                [0.882851, 0.133264, -0.45035, -5e-06, -0.460754, 0.059981, -0.885499, 0.00105, -0.090992, 0.989264, 0.114356, 0.713752, 0.0, 0.0, 0.0, 1.0],
                [0.882851, 0.133264, -0.45035, -5e-06, -0.460754, 0.059981, -0.885499, 0.001295, -0.090992, 0.989264, 0.114356, 0.713752, 0.0, 0.0, 0.0, 1.0],
                [0.882851, 0.133264, -0.450349, -5e-06, -0.460754, 0.059981, -0.885499, 0.001773, -0.090992, 0.989264, 0.114356, 0.713752, 0.0, 0.0, 0.0, 1.0],
                [0.882851, 0.133264, -0.45035, -5e-06, -0.460754, 0.059981, -0.885499, 0.002561, -0.090992, 0.989264, 0.114356, 0.713752, 0.0, 0.0, 0.0, 1.0],
                [0.882851, 0.133264, -0.45035, -5e-06, -0.460754, 0.059981, -0.885499, 0.003736, -0.090992, 0.989264, 0.114356, 0.713752, 0.0, 0.0, 0.0, 1.0],
                [0.882851, 0.133264, -0.450349, -5e-06, -0.460754, 0.059981, -0.885499, 0.005376, -0.090992, 0.989264, 0.114356, 0.713752, 0.0, 0.0, 0.0, 1.0],
                [0.882851, 0.133264, -0.45035, -5e-06, -0.460754, 0.059981, -0.885499, 0.007558, -0.090992, 0.989264, 0.114356, 0.713752, 0.0, 0.0, 0.0, 1.0],
                [0.882851, 0.133264, -0.45035, -5e-06, -0.460754, 0.059981, -0.885499, 0.010361, -0.090992, 0.989264, 0.114356, 0.713752, 0.0, 0.0, 0.0, 1.0],
                [0.882851, 0.133264, -0.450349, -5e-06, -0.460754, 0.059981, -0.885499, 0.013861, -0.090992, 0.989264, 0.114356, 0.713752, 0.0, 0.0, 0.0, 1.0],
                [0.882851, 0.133264, -0.45035, -5e-06, -0.460754, 0.059981, -0.885499, 0.018135, -0.090992, 0.989264, 0.114356, 0.713752, 0.0, 0.0, 0.0, 1.0],
                [0.882851, 0.133264, -0.45035, -5e-06, -0.460754, 0.059981, -0.885499, 0.023262, -0.090992, 0.989264, 0.114356, 0.713752, 0.0, 0.0, 0.0, 1.0],
                [0.882851, 0.133264, -0.450349, -5e-06, -0.460754, 0.059981, -0.885499, 0.029319, -0.090992, 0.989264, 0.114356, 0.713752, 0.0, 0.0, 0.0, 1.0],
                [0.882851, 0.133264, -0.45035, -5e-06, -0.460754, 0.059981, -0.885499, 0.036383, -0.090992, 0.989264, 0.114356, 0.713752, 0.0, 0.0, 0.0, 1.0],
                [0.882851, 0.133264, -0.45035, -5e-06, -0.460754, 0.059981, -0.885499, 0.044532, -0.090992, 0.989264, 0.114356, 0.713752, 0.0, 0.0, 0.0, 1.0],
                [0.886897, 0.132295, -0.44262, 0.000969, -0.453141, 0.062725, -0.889229, 0.057433, -0.089878, 0.989224, 0.115579, 0.713752, 0.0, 0.0, 0.0, 1.0],
                [0.897781, 0.12948, -0.42098, 0.003578, -0.431795, 0.070287, -0.899229, 0.07773, -0.086843, 0.989088, 0.119011, 0.713752, 0.0, 0.0, 0.0, 1.0],
                [0.913334, 0.124845, -0.387602, 0.007356, -0.398789, 0.081626, -0.913403, 0.103965, -0.082396, 0.988813, 0.124338, 0.713752, 0.0, 0.0, 0.0, 1.0],
                [0.931221, 0.118393, -0.344689, 0.011835, -0.356212, 0.095657, -0.929496, 0.134679, -0.077074, 0.988349, 0.13125, 0.713752, 0.0, 0.0, 0.0, 1.0],
                [0.94922, 0.11021, -0.294677, 0.016547, -0.306403, 0.111267, -0.945377, 0.168413, -0.071403, 0.987661, 0.139385, 0.713752, 0.0, 0.0, 0.0, 1.0],
                [0.965466, 0.100559, -0.240339, 0.021026, -0.252067, 0.127351, -0.959293, 0.203709, -0.065858, 0.986747, 0.148301, 0.713752, 0.0, 0.0, 0.0, 1.0],
                [0.978662, 0.089913, -0.184758, 0.024804, -0.196265, 0.142871, -0.970087, 0.239108, -0.060827, 0.985649, 0.157469, 0.713752, 0.0, 0.0, 0.0, 1.0],
                [0.988204, 0.078963, -0.131217, 0.027413, -0.142308, 0.156905, -0.977307, 0.273151, -0.056583, 0.984452, 0.166291, 0.713752, 0.0, 0.0, 0.0, 1.0],
                [0.994184, 0.068575, -0.083041, 0.028387, -0.093593, 0.16869, -0.981215, 0.30438, -0.053279, 0.983281, 0.174127, 0.713752, 0.0, 0.0, 0.0, 1.0],
                [0.997323, 0.059489, -0.042519, 0.026284, -0.052504, 0.177887, -0.982649, 0.331684, -0.050893, 0.982251, 0.180534, 0.712843, 0.0, 0.0, 0.0, 1.0],
                [0.998641, 0.051499, -0.008032, 0.021026, -0.017457, 0.185277, -0.982531, 0.355346, -0.049112, 0.981336, 0.185924, 0.710343, 0.0, 0.0, 0.0, 1.0],
                [0.998764, 0.044035, 0.023059, 0.014191, 0.0142, 0.191817, -0.981328, 0.375994, -0.047636, 0.980442, 0.190954, 0.706596, 0.0, 0.0, 0.0, 1.0],
                [0.997909, 0.036418, 0.053395, 0.007356, 0.045149, 0.198361, -0.979089, 0.394259, -0.046248, 0.979452, 0.196302, 0.701946, 0.0, 0.0, 0.0, 1.0],
                [0.995941, 0.027888, 0.08558, 0.002098, 0.078065, 0.205671, -0.975503, 0.410772, -0.044806, 0.978224, 0.202659, 0.696735, 0.0, 0.0, 0.0, 1.0],
                [0.992356, 0.017596, 0.122144, -5e-06, 0.115576, 0.214394, -0.969885, 0.426161, -0.043253, 0.976589, 0.210722, 0.691307, 0.0, 0.0, 0.0, 1.0],
                [0.986299, 0.004812, 0.164899, -5e-06, 0.159604, 0.22502, -0.961193, 0.440931, -0.041731, 0.974342, 0.221169, 0.685956, 0.0, 0.0, 0.0, 1.0],
                [0.977052, -0.010392, 0.212749, -5e-06, 0.2091, 0.237104, -0.948714, 0.455081, -0.040585, 0.971429, 0.233836, 0.680786, 0.0, 0.0, 0.0, 1.0],
                [0.964204, -0.027657, 0.263715, -5e-06, 0.262111, 0.249824, -0.93214, 0.468485, -0.040102, 0.967896, 0.248131, 0.67585, 0.0, 0.0, 0.0, 1.0],
                [0.947691, -0.046504, 0.315785, -5e-06, 0.316613, 0.262432, -0.911529, 0.481015, -0.040483, 0.963829, 0.263428, 0.671203, 0.0, 0.0, 0.0, 1.0],
                [0.927861, -0.066317, 0.366981, -5e-06, 0.370574, 0.274288, -0.887379, 0.492546, -0.04181, 0.959358, 0.279077, 0.6669, 0.0, 0.0, 0.0, 1.0],
                [0.905509, -0.086357, 0.415447, -5e-06, 0.422036, 0.284898, -0.86065, 0.50295, -0.044037, 0.95466, 0.294424, 0.662994, 0.0, 0.0, 0.0, 1.0],
                [0.881841, -0.105786, 0.459527, -5e-06, 0.4692, 0.293934, -0.832739, 0.512101, -0.046979, 0.949954, 0.308838, 0.65954, 0.0, 0.0, 0.0, 1.0],
                [0.85841, -0.123705, 0.497825, -5e-06, 0.510489, 0.301236, -0.805393, 0.519872, -0.050332, 0.945491, 0.321734, 0.656592, 0.0, 0.0, 0.0, 1.0],
                [0.837001, -0.139191, 0.529203, -5e-06, 0.54456, 0.306788, -0.780599, 0.526137, -0.0537, 0.941545, 0.33258, 0.654204, 0.0, 0.0, 0.0, 1.0],
                [0.819508, -0.151332, 0.552725, -5e-06, 0.570262, 0.310669, -0.760451, 0.530768, -0.056634, 0.938394, 0.340894, 0.652432, 0.0, 0.0, 0.0, 1.0],
                [0.807797, -0.159238, 0.567545, -5e-06, 0.586533, 0.312984, -0.747008, 0.53364, -0.058681, 0.936314, 0.346225, 0.651328, 0.0, 0.0, 0.0, 1.0],
                [0.803565, -0.162056, 0.572732, -5e-06, 0.592243, 0.313772, -0.742156, 0.534626, -0.059436, 0.935567, 0.348112, 0.650948, 0.0, 0.0, 0.0, 1.0],
                [0.803565, -0.162056, 0.572732, -5e-06, 0.592242, 0.313772, -0.742157, 0.534626, -0.059436, 0.935567, 0.348112, 0.650948, 0.0, 0.0, 0.0, 1.0],
                [0.803565, -0.162056, 0.572732, -5e-06, 0.592242, 0.313772, -0.742157, 0.534626, -0.059436, 0.935567, 0.348112, 0.650948, 0.0, 0.0, 0.0, 1.0],
                [0.803565, -0.162056, 0.572732, -5e-06, 0.592242, 0.313772, -0.742157, 0.534626, -0.059436, 0.935567, 0.348112, 0.650948, 0.0, 0.0, 0.0, 1.0],
                [0.803565, -0.162056, 0.572732, -5e-06, 0.592242, 0.313772, -0.742157, 0.534626, -0.059436, 0.935567, 0.348112, 0.650948, 0.0, 0.0, 0.0, 1.0],
                [0.803565, -0.162056, 0.572732, -5e-06, 0.592242, 0.313772, -0.742157, 0.534626, -0.059436, 0.935567, 0.348112, 0.650948, 0.0, 0.0, 0.0, 1.0],
                [0.803565, -0.162056, 0.572732, -5e-06, 0.592242, 0.313772, -0.742157, 0.534626, -0.059436, 0.935567, 0.348112, 0.650948, 0.0, 0.0, 0.0, 1.0],
                [0.803565, -0.162056, 0.572732, -5e-06, 0.592242, 0.313772, -0.742157, 0.534626, -0.059436, 0.935567, 0.348112, 0.650948, 0.0, 0.0, 0.0, 1.0],
                [0.803565, -0.162056, 0.572732, -5e-06, 0.592242, 0.313772, -0.742157, 0.534626, -0.059436, 0.935567, 0.348112, 0.650948, 0.0, 0.0, 0.0, 1.0],
                [0.804723, -0.161353, 0.571302, -9.2e-05, 0.590686, 0.313681, -0.743434, 0.535606, -0.059252, 0.935719, 0.347735, 0.651049, 0.0, 0.0, 0.0, 1.0],
                [0.808105, -0.15929, 0.567092, -0.000349, 0.586105, 0.313407, -0.747166, 0.538482, -0.058715, 0.936164, 0.346627, 0.651345, 0.0, 0.0, 0.0, 1.0],
                [0.813554, -0.155934, 0.560191, -0.000766, 0.578603, 0.312935, -0.753186, 0.543154, -0.057856, 0.936886, 0.344814, 0.651825, 0.0, 0.0, 0.0, 1.0],
                [0.820892, -0.151353, 0.550662, -0.001335, 0.56826, 0.312236, -0.761308, 0.549521, -0.05671, 0.937871, 0.34232, 0.652479, 0.0, 0.0, 0.0, 1.0],
                [0.82992, -0.145612, 0.538545, -0.002046, 0.555134, 0.31127, -0.771322, 0.557483, -0.055319, 0.9391, 0.339163, 0.653297, 0.0, 0.0, 0.0, 1.0],
                [0.840418, -0.138779, 0.523868, -0.002891, 0.539269, 0.30999, -0.783004, 0.566943, -0.05373, 0.940556, 0.335361, 0.654269, 0.0, 0.0, 0.0, 1.0],
                [0.852152, -0.130924, 0.506651, -0.00386, 0.520705, 0.308342, -0.79611, 0.577798, -0.051992, 0.942223, 0.330928, 0.655385, 0.0, 0.0, 0.0, 1.0],
                [0.864872, -0.122123, 0.486912, -0.004946, 0.499481, 0.306268, -0.810382, 0.58995, -0.05016, 0.944079, 0.32588, 0.656634, 0.0, 0.0, 0.0, 1.0],
                [0.878311, -0.112454, 0.464676, -0.006138, 0.475644, 0.303707, -0.825545, 0.603299, -0.04829, 0.946106, 0.320237, 0.658005, 0.0, 0.0, 0.0, 1.0],
                [0.892196, -0.102004, 0.439979, -0.007428, 0.449254, 0.3006, -0.841315, 0.617745, -0.04644, 0.94828, 0.31402, 0.65949, 0.0, 0.0, 0.0, 1.0],
                [0.906243, -0.090867, 0.412875, -0.008807, 0.42039, 0.29689, -0.857397, 0.633189, -0.044669, 0.950579, 0.307254, 0.661077, 0.0, 0.0, 0.0, 1.0],
                [0.920167, -0.079142, 0.383444, -0.010267, 0.389153, 0.292525, -0.873492, 0.64953, -0.043037, 0.952977, 0.299971, 0.662756, 0.0, 0.0, 0.0, 1.0],
                [0.933683, -0.066936, 0.351789, -0.011797, 0.355676, 0.287463, -0.889303, 0.66667, -0.0416, 0.95545, 0.292207, 0.664518, 0.0, 0.0, 0.0, 1.0],
                [0.946514, -0.054362, 0.318049, -0.013391, 0.320121, 0.28167, -0.904536, 0.684507, -0.040412, 0.95797, 0.284008, 0.666351, 0.0, 0.0, 0.0, 1.0],
                [0.958399, -0.04154, 0.282392, -0.015037, 0.282682, 0.275126, -0.918911, 0.702943, -0.039522, 0.96051, 0.275423, 0.668245, 0.0, 0.0, 0.0, 1.0],
                [0.969096, -0.028589, 0.245023, -0.016728, 0.243587, 0.267823, -0.932167, 0.721878, -0.038973, 0.963044, 0.26651, 0.670191, 0.0, 0.0, 0.0, 1.0],
                [0.97839, -0.015633, 0.206177, -0.018455, 0.203096, 0.259772, -0.944071, 0.741211, -0.0388, 0.965544, 0.257333, 0.672178, 0.0, 0.0, 0.0, 1.0],
                [0.986101, -0.002793, 0.166123, -0.020208, 0.161497, 0.250998, -0.954421, 0.760844, -0.039031, 0.967984, 0.24796, 0.674195, 0.0, 0.0, 0.0, 1.0],
                [0.992089, 0.009814, 0.125152, -0.021979, 0.1191, 0.241544, -0.963053, 0.780677, -0.039681, 0.97034, 0.238464, 0.676233, 0.0, 0.0, 0.0, 1.0],
                [0.996257, 0.022076, 0.08358, -0.02376, 0.076235, 0.23147, -0.96985, 0.800609, -0.040757, 0.972592, 0.22892, 0.678281, 0.0, 0.0, 0.0, 1.0],
                [0.998554, 0.033893, 0.041734, -0.02554, 0.033243, 0.220851, -0.974741, 0.820541, -0.042254, 0.974719, 0.219405, 0.68033, 0.0, 0.0, 0.0, 1.0],
                [0.998979, 0.045174, -5e-05, -0.027311, -0.009535, 0.209776, -0.977703, 0.840373, -0.044156, 0.976705, 0.209993, 0.682368, 0.0, 0.0, 0.0, 1.0],
                [0.997579, 0.055843, -0.041438, -0.029064, -0.051759, 0.198347, -0.978764, 0.860006, -0.046438, 0.97854, 0.200757, 0.684385, 0.0, 0.0, 0.0, 1.0],
                [0.994447, 0.065837, -0.082101, -0.030791, -0.093102, 0.186675, -0.978, 0.87934, -0.049063, 0.980213, 0.191768, 0.686372, 0.0, 0.0, 0.0, 1.0],
                [0.989717, 0.075112, -0.121727, -0.032482, -0.133254, 0.174878, -0.975531, 0.898274, -0.051987, 0.981721, 0.183089, 0.688318, 0.0, 0.0, 0.0, 1.0],
                [0.983564, 0.083636, -0.160022, -0.034129, -0.171929, 0.163078, -0.971517, 0.91671, -0.055158, 0.983062, 0.174777, 0.690212, 0.0, 0.0, 0.0, 1.0],
                [0.976191, 0.091395, -0.196718, -0.035722, -0.20887, 0.151398, -0.966153, 0.934548, -0.058519, 0.984239, 0.166883, 0.692045, 0.0, 0.0, 0.0, 1.0],
                [0.96783, 0.098387, -0.231573, -0.037252, -0.243847, 0.139961, -0.959661, 0.951687, -0.062007, 0.985257, 0.15945, 0.693807, 0.0, 0.0, 0.0, 1.0],
                [0.958729, 0.104625, -0.264373, -0.038712, -0.276661, 0.128888, -0.952285, 0.968028, -0.065559, 0.986124, 0.152515, 0.695486, 0.0, 0.0, 0.0, 1.0],
                [0.94915, 0.110133, -0.294932, -0.040091, -0.307146, 0.118294, -0.944282, 0.983472, -0.069108, 0.986852, 0.146106, 0.697073, 0.0, 0.0, 0.0, 1.0],
                [0.939361, 0.114941, -0.323093, -0.041381, -0.335159, 0.10829, -0.935918, 0.997918, -0.072588, 0.987452, 0.140246, 0.698557, 0.0, 0.0, 0.0, 1.0],
                [0.929631, 0.119088, -0.348719, -0.042574, -0.360584, 0.098978, -0.92746, 1.011267, -0.075934, 0.987938, 0.134954, 0.699929, 0.0, 0.0, 0.0, 1.0],
                [0.920222, 0.122616, -0.371694, -0.043659, -0.383324, 0.090456, -0.919174, 1.023419, -0.079084, 0.988323, 0.130241, 0.701178, 0.0, 0.0, 0.0, 1.0],
                [0.911389, 0.12557, -0.39192, -0.044628, -0.403298, 0.082815, -0.911314, 1.034275, -0.081976, 0.988622, 0.126119, 0.702294, 0.0, 0.0, 0.0, 1.0],
                [0.903376, 0.127991, -0.409305, -0.045473, -0.420432, 0.076142, -0.904124, 1.043734, -0.084555, 0.988848, 0.122596, 0.703266, 0.0, 0.0, 0.0, 1.0],
                [0.896408, 0.129921, -0.423761, -0.046184, -0.434655, 0.070516, -0.897832, 1.051697, -0.086765, 0.989014, 0.119682, 0.704084, 0.0, 0.0, 0.0, 1.0],
                [0.890695, 0.131392, -0.4352, -0.046753, -0.445893, 0.066014, -0.892649, 1.058064, -0.088558, 0.98913, 0.117385, 0.704738, 0.0, 0.0, 0.0, 1.0],
                [0.886425, 0.132431, -0.443523, -0.04717, -0.45406, 0.06271, -0.888761, 1.062735, -0.089887, 0.989206, 0.115719, 0.705218, 0.0, 0.0, 0.0, 1.0],
                [0.883764, 0.133054, -0.448617, -0.047427, -0.459056, 0.060675, -0.886333, 1.065611, -0.09071, 0.98925, 0.114702, 0.705514, 0.0, 0.0, 0.0, 1.0],
                [0.882851, 0.133264, -0.450349, -0.047515, -0.460754, 0.059981, -0.885499, 1.066592, -0.090992, 0.989264, 0.114356, 0.705615, 0.0, 0.0, 0.0, 1.0],
                [0.882851, 0.133264, -0.45035, -0.047515, -0.460754, 0.059981, -0.885499, 1.066592, -0.090992, 0.989264, 0.114356, 0.705615, 0.0, 0.0, 0.0, 1.0],
                [0.882851, 0.133264, -0.45035, -0.047515, -0.460754, 0.059981, -0.885499, 1.066592, -0.090992, 0.989264, 0.114356, 0.705615, 0.0, 0.0, 0.0, 1.0],
                [0.882851, 0.133264, -0.450349, -0.047515, -0.460754, 0.059981, -0.885499, 1.066592, -0.090992, 0.989264, 0.114356, 0.705615, 0.0, 0.0, 0.0, 1.0],
                [0.882851, 0.133264, -0.45035, -0.047515, -0.460754, 0.059981, -0.885499, 1.066592, -0.090992, 0.989264, 0.114356, 0.705615, 0.0, 0.0, 0.0, 1.0],
                [0.882851, 0.133264, -0.45035, -0.047515, -0.460754, 0.059981, -0.885499, 1.066592, -0.090992, 0.989264, 0.114356, 0.705615, 0.0, 0.0, 0.0, 1.0],
                [0.882851, 0.133264, -0.450349, -0.047515, -0.460754, 0.059981, -0.885499, 1.066592, -0.090992, 0.989264, 0.114356, 0.705615, 0.0, 0.0, 0.0, 1.0],
                [0.882851, 0.133264, -0.45035, -0.047515, -0.460754, 0.059981, -0.885499, 1.066592, -0.090992, 0.989264, 0.114356, 0.705615, 0.0, 0.0, 0.0, 1.0],
                [0.882851, 0.133264, -0.45035, -0.047515, -0.460754, 0.059981, -0.885499, 1.066592, -0.090992, 0.989264, 0.114356, 0.705615, 0.0, 0.0, 0.0, 1.0],
                [0.882851, 0.133264, -0.450349, -0.047515, -0.460754, 0.059981, -0.885499, 1.066592, -0.090992, 0.989264, 0.114356, 0.705615, 0.0, 0.0, 0.0, 1.0],
                [0.882851, 0.133264, -0.45035, -0.047515, -0.460754, 0.059981, -0.885499, 1.066592, -0.090992, 0.989264, 0.114356, 0.705615, 0.0, 0.0, 0.0, 1.0]
            ]
        },
        {
            "name": "Thigh_R",
            "time": [0.0, 0.0167, 0.0333, 0.05, 0.0667, 0.0833, 0.1, 0.1167, 0.1333, 0.15, 0.1667, 0.1833, 0.2, 0.2167, 0.2333, 0.25, 0.2667, 0.2833, 0.3, 0.3167, 0.3333, 0.35, 0.3667, 0.3833, 0.4, 0.4167, 0.4333, 0.45, 0.4667, 0.4833, 0.5, 0.5167, 0.5333, 0.55, 0.5667, 0.5833, 0.6, 0.6167, 0.6333, 0.65, 0.6667, 0.6833, 0.7, 0.7167, 0.7333, 0.75, 0.7667, 0.7833, 0.8, 0.8167, 0.8333, 0.85, 0.8667, 0.8833, 0.9, 0.9167, 0.9333, 0.95, 0.9667, 0.9833, 1.0, 1.0167, 1.0333, 1.05, 1.0667, 1.0833, 1.1, 1.1167, 1.1333, 1.15, 1.1667, 1.1833, 1.2, 1.2167, 1.2333, 1.25, 1.2667, 1.2833, 1.3, 1.3167, 1.3333, 1.35, 1.3667, 1.3833, 1.4, 1.4167, 1.4333, 1.45, 1.4667, 1.4833, 1.5, 1.5167, 1.5333, 1.55, 1.5667, 1.5833, 1.6, 1.6167, 1.6333, 1.65, 1.6667],
            "transform": [
                [0.950098, 0.311264, 0.020685, 0.124994, 0.27626, -0.870339, 0.407662, -0.002831, 0.144894, -0.381604, -0.912899, -1.2e-05, 0.0, 0.0, 0.0, 1.0],
                [0.950093, 0.311276, 0.020697, 0.124994, 0.276269, -0.870345, 0.407642, -0.002831, 0.144903, -0.38158, -0.912907, -1.2e-05, 0.0, 0.0, 0.0, 1.0],
                [0.950065, 0.311359, 0.020778, 0.124994, 0.276335, -0.870387, 0.407509, -0.002831, 0.144967, -0.381417, -0.912965, -1.2e-05, 0.0, 0.0, 0.0, 1.0],
                [0.949986, 0.311582, 0.021, 0.124994, 0.276513, -0.8705, 0.407147, -0.002831, 0.14514, -0.380977, -0.913121, -1.2e-05, 0.0, 0.0, 0.0, 1.0],
                [0.949834, 0.312018, 0.021432, 0.124994, 0.276859, -0.87072, 0.40644, -0.002831, 0.145478, -0.380117, -0.913426, -1.2e-05, 0.0, 0.0, 0.0, 1.0],
                [0.949582, 0.312735, 0.022146, 0.124994, 0.277431, -0.871081, 0.405275, -0.002831, 0.146035, -0.378697, -0.913926, -1.2e-05, 0.0, 0.0, 0.0, 1.0],
                [0.949203, 0.313804, 0.023219, 0.124994, 0.278285, -0.871618, 0.403531, -0.002831, 0.146867, -0.376571, -0.914671, -1.2e-05, 0.0, 0.0, 0.0, 1.0],
                [0.948671, 0.315292, 0.024728, 0.124994, 0.279478, -0.872364, 0.401087, -0.002831, 0.148032, -0.373588, -0.915706, -1.2e-05, 0.0, 0.0, 0.0, 1.0],
                [0.947958, 0.317268, 0.026758, 0.124994, 0.281069, -0.873349, 0.397819, -0.002831, 0.149585, -0.369594, -0.917073, -1.2e-05, 0.0, 0.0, 0.0, 1.0],
                [0.94703, 0.319796, 0.029403, 0.124994, 0.283119, -0.8746, 0.393594, -0.002831, 0.151585, -0.36442, -0.918814, -1.2e-05, 0.0, 0.0, 0.0, 1.0],
                [0.945852, 0.322937, 0.032766, 0.124994, 0.285687, -0.876143, 0.38827, -0.002831, 0.154095, -0.357885, -0.920963, -1.2e-05, 0.0, 0.0, 0.0, 1.0],
                [0.944388, 0.326748, 0.036966, 0.124994, 0.288837, -0.877997, 0.381697, -0.002831, 0.157175, -0.349793, -0.923548, -1.2e-05, 0.0, 0.0, 0.0, 1.0],
                [0.942591, 0.331279, 0.042139, 0.124994, 0.292636, -0.880172, 0.373711, -0.002831, 0.160892, -0.339925, -0.926587, -1.2e-05, 0.0, 0.0, 0.0, 1.0],
                [0.94041, 0.336571, 0.048444, 0.124994, 0.29715, -0.882672, 0.364128, -0.002831, 0.165315, -0.328034, -0.930088, -1.2e-05, 0.0, 0.0, 0.0, 1.0],
                [0.937787, 0.34265, 0.056071, 0.124994, 0.302452, -0.885491, 0.352741, -0.002831, 0.170518, -0.313837, -0.934039, -1.2e-05, 0.0, 0.0, 0.0, 1.0],
                [0.934653, 0.349523, 0.065246, 0.124994, 0.308617, -0.888605, 0.339315, -0.002831, 0.176576, -0.297005, -0.938407, -1.2e-05, 0.0, 0.0, 0.0, 1.0],
                [0.929048, 0.358958, 0.089549, 0.124994, 0.315272, -0.894824, 0.316056, -0.002831, 0.193581, -0.265398, -0.944505, -1.2e-05, 0.0, 0.0, 0.0, 1.0],
                [0.919917, 0.367839, 0.135816, 0.124994, 0.32213, -0.906443, 0.273113, -0.002831, 0.223571, -0.207491, -0.952347, -1.2e-05, 0.0, 0.0, 0.0, 1.0],
                [0.908406, 0.368329, 0.197817, 0.124994, 0.328893, -0.92167, 0.205795, -0.002831, 0.258123, -0.121885, -0.958393, -1.2e-05, 0.0, 0.0, 0.0, 1.0],
                [0.895618, 0.350536, 0.273845, 0.124994, 0.334744, -0.936547, 0.10404, -0.00283, 0.292939, -0.001512, -0.95613, -1.2e-05, 0.0, 0.0, 0.0, 1.0],
                [0.882947, 0.269799, 0.384205, 0.124994, 0.338657, -0.932803, -0.123233, -0.002831, 0.32514, 0.238921, -0.914987, -1.2e-05, 0.0, 0.0, 0.0, 1.0],
                [0.872397, 0.269498, 0.407792, 0.124994, 0.339711, -0.934145, -0.109398, -0.002831, 0.351455, 0.233969, -0.906498, -1.2e-05, 0.0, 0.0, 0.0, 1.0],
                [0.867372, 0.345239, 0.358433, 0.124994, 0.334799, -0.937689, 0.092994, -0.002831, 0.368204, 0.039342, -0.928912, -1.2e-05, 0.0, 0.0, 0.0, 1.0],
                [0.873413, 0.385474, 0.297588, 0.124994, 0.317687, -0.914164, 0.251745, -0.002831, 0.369087, -0.125337, -0.920904, -1.2e-05, 0.0, 0.0, 0.0, 1.0],
                [0.89219, 0.394036, 0.220752, 0.124994, 0.282435, -0.868139, 0.40812, -0.002831, 0.352458, -0.301772, -0.885836, -1.2e-05, 0.0, 0.0, 0.0, 1.0],
                [0.919187, 0.36814, 0.139886, 0.124994, 0.22902, -0.788642, 0.570606, -0.002831, 0.320383, -0.492455, -0.809222, -1.2e-05, 0.0, 0.0, 0.0, 1.0],
                [0.945449, 0.319763, 0.062281, 0.124994, 0.173948, -0.65716, 0.733405, -0.002831, 0.275444, -0.682561, -0.676934, -1.2e-05, 0.0, 0.0, 0.0, 1.0],
                [0.964734, 0.263006, -0.01071, 0.124994, 0.140412, -0.479779, 0.866081, -0.002831, 0.222646, -0.83704, -0.49979, -1.2e-05, 0.0, 0.0, 0.0, 1.0],
                [0.975514, 0.207016, -0.07427, 0.124994, 0.137268, -0.309233, 0.941028, -0.002831, 0.171842, -0.928178, -0.330078, -1.2e-05, 0.0, 0.0, 0.0, 1.0],
                [0.977994, 0.164352, -0.12851, 0.124994, 0.159522, -0.1921, 0.968324, -0.002831, 0.134459, -0.967514, -0.214091, -1.2e-05, 0.0, 0.0, 0.0, 1.0],
                [0.975014, 0.14862, -0.165105, 0.124994, 0.185076, -0.13241, 0.973764, -0.002831, 0.122859, -0.979988, -0.156607, -1.2e-05, 0.0, 0.0, 0.0, 1.0],
                [0.972935, 0.177906, -0.147465, 0.124994, 0.17762, -0.167574, 0.969727, -0.002831, 0.147809, -0.969672, -0.194638, -1.2e-05, 0.0, 0.0, 0.0, 1.0],
                [0.970574, 0.229349, -0.073372, 0.124994, 0.142893, -0.303303, 0.942119, -0.002831, 0.19382, -0.924879, -0.327152, -1.2e-05, 0.0, 0.0, 0.0, 1.0],
                [0.964646, 0.263086, 0.015592, 0.124994, 0.113908, -0.469547, 0.875529, -0.002831, 0.23766, -0.842798, -0.482915, -1.2e-05, 0.0, 0.0, 0.0, 1.0],
                [0.956421, 0.282986, 0.071954, 0.124994, 0.099752, -0.548262, 0.830336, -0.002831, 0.274423, -0.786972, -0.552598, -1.2e-05, 0.0, 0.0, 0.0, 1.0],
                [0.947597, 0.30907, 0.080848, 0.124994, 0.096864, -0.519116, 0.849197, -0.00283, 0.304432, -0.796863, -0.521851, -1.2e-05, 0.0, 0.0, 0.0, 1.0],
                [0.939466, 0.332353, 0.083327, 0.124994, 0.098859, -0.495765, 0.862811, -0.002831, 0.328069, -0.802343, -0.498612, -1.2e-05, 0.0, 0.0, 0.0, 1.0],
                [0.932615, 0.351792, 0.080442, 0.124994, 0.104632, -0.476934, 0.872689, -0.002831, 0.345371, -0.805464, -0.481606, -1.2e-05, 0.0, 0.0, 0.0, 1.0],
                [0.927447, 0.366707, 0.073272, 0.124994, 0.113191, -0.462027, 0.879614, -0.002831, 0.356414, -0.807499, -0.470013, -1.2e-05, 0.0, 0.0, 0.0, 1.0],
                [0.924223, 0.37666, 0.062762, 0.124994, 0.123664, -0.450744, 0.884046, -0.002831, 0.361275, -0.809292, -0.463168, -1.2e-05, 0.0, 0.0, 0.0, 1.0],
                [0.923099, 0.381342, 0.049655, 0.124994, 0.135322, -0.442969, 0.886265, -0.002831, 0.359966, -0.81139, -0.460509, -1.2e-05, 0.0, 0.0, 0.0, 1.0],
                [0.924148, 0.380473, 0.034481, 0.124994, 0.147574, -0.438779, 0.886395, -0.002831, 0.352379, -0.81407, -0.461646, -1.2e-05, 0.0, 0.0, 0.0, 1.0],
                [0.92737, 0.373731, 0.017599, 0.124994, 0.159934, -0.438503, 0.884386, -0.00283, 0.338239, -0.817336, -0.466427, -1.2e-05, 0.0, 0.0, 0.0, 1.0],
                [0.930595, 0.366028, 0.003936, 0.124994, 0.169259, -0.439809, 0.881998, -0.002831, 0.324567, -0.820115, -0.471238, -1.2e-05, 0.0, 0.0, 0.0, 1.0],
                [0.931797, 0.362977, -0.000543, 0.124994, 0.171943, -0.440074, 0.881346, -0.002831, 0.31967, -0.821328, -0.472472, -1.2e-05, 0.0, 0.0, 0.0, 1.0],
                [0.931893, 0.362732, -0.000184, 0.124994, 0.171419, -0.439945, 0.881513, -0.002831, 0.319672, -0.821506, -0.472161, -1.2e-05, 0.0, 0.0, 0.0, 1.0],
                [0.931893, 0.362732, -0.000183, 0.124994, 0.171419, -0.439945, 0.881513, -0.002831, 0.319672, -0.821505, -0.472162, -1.2e-05, 0.0, 0.0, 0.0, 1.0],
                [0.931893, 0.362732, -0.000183, 0.124994, 0.171419, -0.439945, 0.881513, -0.002831, 0.319672, -0.821505, -0.472162, -1.2e-05, 0.0, 0.0, 0.0, 1.0],
                [0.931893, 0.362732, -0.000183, 0.124994, 0.171419, -0.439945, 0.881513, -0.002831, 0.319672, -0.821505, -0.472162, -1.2e-05, 0.0, 0.0, 0.0, 1.0],
                [0.931893, 0.362732, -0.000183, 0.124994, 0.171419, -0.439945, 0.881513, -0.002831, 0.319672, -0.821505, -0.472162, -1.2e-05, 0.0, 0.0, 0.0, 1.0],
                [0.931893, 0.362732, -0.000184, 0.124994, 0.171419, -0.439945, 0.881513, -0.002831, 0.319673, -0.821506, -0.472161, -1.2e-05, 0.0, 0.0, 0.0, 1.0],
                [0.93249, 0.361193, -0.000692, 0.124994, 0.171259, -0.44045, 0.881291, -0.002831, 0.318012, -0.821912, -0.472574, -1.2e-05, 0.0, 0.0, 0.0, 1.0],
                [0.934222, 0.356685, -0.002172, 0.124994, 0.170786, -0.441957, 0.880629, -0.002831, 0.313147, -0.823072, -0.473803, -1.2e-05, 0.0, 0.0, 0.0, 1.0],
                [0.936971, 0.349376, -0.004544, 0.124994, 0.170011, -0.4445, 0.879497, -0.002831, 0.305256, -0.824835, -0.475882, -1.2e-05, 0.0, 0.0, 0.0, 1.0],
                [0.940594, 0.339444, -0.007735, 0.124994, 0.168948, -0.448147, 0.87785, -0.002831, 0.294515, -0.827006, -0.478873, -1.2e-05, 0.0, 0.0, 0.0, 1.0],
                [0.944926, 0.327075, -0.011676, 0.124994, 0.167618, -0.452991, 0.875616, -0.002831, 0.281104, -0.829348, -0.482867, -1.2e-05, 0.0, 0.0, 0.0, 1.0],
                [0.949785, 0.312476, -0.016307, 0.124994, 0.166039, -0.459139, 0.872709, -0.002831, 0.265214, -0.831593, -0.487968, -1.2e-05, 0.0, 0.0, 0.0, 1.0],
                [0.954982, 0.295876, -0.02159, 0.124994, 0.164239, -0.46669, 0.869038, -0.002831, 0.247052, -0.833459, -0.494276, -1.2e-05, 0.0, 0.0, 0.0, 1.0],
                [0.960322, 0.27753, -0.027504, 0.124994, 0.162245, -0.47573, 0.864498, -0.002831, 0.22684, -0.834658, -0.501883, -1.2e-05, 0.0, 0.0, 0.0, 1.0],
                [0.965618, 0.257723, -0.034049, 0.124994, 0.160089, -0.486325, 0.858987, -0.002831, 0.204822, -0.834903, -0.510864, -1.2e-05, 0.0, 0.0, 0.0, 1.0],
                [0.97069, 0.236772, -0.041236, 0.124994, 0.15781, -0.498513, 0.852397, -0.00283, 0.181267, -0.833919, -0.521267, -1.2e-05, 0.0, 0.0, 0.0, 1.0],
                [0.975373, 0.215027, -0.049093, 0.124994, 0.155451, -0.512291, 0.844626, -0.002831, 0.156468, -0.831455, -0.533102, -1.2e-05, 0.0, 0.0, 0.0, 1.0],
                [0.97953, 0.192868, -0.057644, 0.124994, 0.153062, -0.527626, 0.835573, -0.002831, 0.13074, -0.82729, -0.546347, -1.2e-05, 0.0, 0.0, 0.0, 1.0],
                [0.983048, 0.1707, -0.066909, 0.124994, 0.150702, -0.544445, 0.825147, -0.002831, 0.104424, -0.821241, -0.560942, -1.2e-05, 0.0, 0.0, 0.0, 1.0],
                [0.985851, 0.14895, -0.07689, 0.124994, 0.148437, -0.562637, 0.813269, -0.002831, 0.077876, -0.813173, -0.576787, -1.2e-05, 0.0, 0.0, 0.0, 1.0],
                [0.987894, 0.128057, -0.087561, 0.124994, 0.146346, -0.582051, 0.799874, -0.002831, 0.051465, -0.803003, -0.593746, -1.2e-05, 0.0, 0.0, 0.0, 1.0],
                [0.989172, 0.108463, -0.098862, 0.124994, 0.144513, -0.602506, 0.784922, -0.002831, 0.02557, -0.790708, -0.611658, -1.2e-05, 0.0, 0.0, 0.0, 1.0],
                [0.989717, 0.090595, -0.110689, 0.124994, 0.143036, -0.623789, 0.768393, -0.002831, 0.000566, -0.776322, -0.630334, -1.2e-05, 0.0, 0.0, 0.0, 1.0],
                [0.989592, 0.074862, -0.122893, 0.124994, 0.142021, -0.645661, 0.7503, -0.002831, -0.023179, -0.759943, -0.649575, -1.2e-05, 0.0, 0.0, 0.0, 1.0],
                [0.988889, 0.061632, -0.135276, 0.124994, 0.14158, -0.667865, 0.730692, -0.002831, -0.045312, -0.741725, -0.669171, -1.2e-05, 0.0, 0.0, 0.0, 1.0],
                [0.987721, 0.051223, -0.147595, 0.124994, 0.141833, -0.690127, 0.709653, -0.002831, -0.065509, -0.721871, -0.688919, -1.2e-05, 0.0, 0.0, 0.0, 1.0],
                [0.986211, 0.043887, -0.159565, 0.124994, 0.142896, -0.712171, 0.687307, -0.002831, -0.083474, -0.70063, -0.708624, -1.2e-05, 0.0, 0.0, 0.0, 1.0],
                [0.984488, 0.039804, -0.170876, 0.124994, 0.144884, -0.733717, 0.663827, -0.002831, -0.098952, -0.678285, -0.728104, -1.2e-05, 0.0, 0.0, 0.0, 1.0],
                [0.98267, 0.039064, -0.181197, 0.124994, 0.147897, -0.754497, 0.639421, -0.002831, -0.111734, -0.655137, -0.747202, -1.2e-05, 0.0, 0.0, 0.0, 1.0],
                [0.980861, 0.04167, -0.190198, 0.124994, 0.152019, -0.774256, 0.614344, -0.002831, -0.121662, -0.631498, -0.765773, -1.2e-05, 0.0, 0.0, 0.0, 1.0],
                [0.979137, 0.047528, -0.197565, 0.124994, 0.157303, -0.792761, 0.588884, -0.002831, -0.128633, -0.607674, -0.783699, -1.2e-05, 0.0, 0.0, 0.0, 1.0],
                [0.977546, 0.056451, -0.203017, 0.124994, 0.163766, -0.809811, 0.56337, -0.002831, -0.132603, -0.583966, -0.800874, -1.2e-05, 0.0, 0.0, 0.0, 1.0],
                [0.976106, 0.068164, -0.206325, 0.124994, 0.17138, -0.825244, 0.538144, -0.002831, -0.133587, -0.560645, -0.817209, -1.2e-05, 0.0, 0.0, 0.0, 1.0],
                [0.974803, 0.082309, -0.207325, 0.124994, 0.180065, -0.83894, 0.51357, -0.002831, -0.131662, -0.537961, -0.832624, -1.2e-05, 0.0, 0.0, 0.0, 1.0],
                [0.973601, 0.098461, -0.205928, 0.124994, 0.189688, -0.850827, 0.490011, -0.002831, -0.126962, -0.516137, -0.847044, -1.2e-05, 0.0, 0.0, 0.0, 1.0],
                [0.972447, 0.116143, -0.202128, 0.124994, 0.200058, -0.860881, 0.467823, -0.002831, -0.119674, -0.495369, -0.860399, -1.2e-05, 0.0, 0.0, 0.0, 1.0],
                [0.971289, 0.134846, -0.195998, 0.124994, 0.210933, -0.869134, 0.447338, -0.002831, -0.110027, -0.475835, -0.872625, -1.2e-05, 0.0, 0.0, 0.0, 1.0],
                [0.970073, 0.154045, -0.187686, 0.124994, 0.222026, -0.875659, 0.428861, -0.002831, -0.098285, -0.457697, -0.883659, -1.2e-05, 0.0, 0.0, 0.0, 1.0],
                [0.968774, 0.173225, -0.177397, 0.124994, 0.233019, -0.880573, 0.412662, -0.002831, -0.084728, -0.441112, -0.893443, -1.2e-05, 0.0, 0.0, 0.0, 1.0],
                [0.96738, 0.191899, -0.165378, 0.124994, 0.24357, -0.884022, 0.398968, -0.00283, -0.069637, -0.426234, -0.901928, -1.2e-05, 0.0, 0.0, 0.0, 1.0],
                [0.965911, 0.209623, -0.151898, 0.124994, 0.25333, -0.886171, 0.387972, -0.002831, -0.05328, -0.413226, -0.909069, -1.2e-05, 0.0, 0.0, 0.0, 1.0],
                [0.964411, 0.226011, -0.13722, 0.124994, 0.261958, -0.887192, 0.379823, -0.002831, -0.035896, -0.402251, -0.914825, -1.2e-05, 0.0, 0.0, 0.0, 1.0],
                [0.962943, 0.240743, -0.121583, 0.124994, 0.269123, -0.887249, 0.374646, -0.002831, -0.017681, -0.393482, -0.919162, -1.2e-05, 0.0, 0.0, 0.0, 1.0],
                [0.96158, 0.253569, -0.105185, 0.124994, 0.274517, -0.886485, 0.372536, -0.002831, 0.001219, -0.387098, -0.922038, -1.2e-05, 0.0, 0.0, 0.0, 1.0],
                [0.960399, 0.264312, -0.088162, 0.124994, 0.277857, -0.885013, 0.373559, -0.002831, 0.020712, -0.383261, -0.923407, -1.2e-05, 0.0, 0.0, 0.0, 1.0],
                [0.959459, 0.272867, -0.070578, 0.124994, 0.278884, -0.882902, 0.377764, -0.002831, 0.040766, -0.382131, -0.923208, -1.2e-05, 0.0, 0.0, 0.0, 1.0],
                [0.958513, 0.279968, -0.053568, 0.124994, 0.278631, -0.880593, 0.3833, -0.002831, 0.06014, -0.382323, -0.922069, -1.2e-05, 0.0, 0.0, 0.0, 1.0],
                [0.957352, 0.286374, -0.038272, 0.124994, 0.278312, -0.878505, 0.388291, -0.002831, 0.077574, -0.382382, -0.920742, -1.2e-05, 0.0, 0.0, 0.0, 1.0],
                [0.956076, 0.292075, -0.024702, 0.124994, 0.277956, -0.876642, 0.392731, -0.002831, 0.093053, -0.382346, -0.919322, -1.2e-05, 0.0, 0.0, 0.0, 1.0],
                [0.954771, 0.29706, -0.012866, 0.124994, 0.277589, -0.87501, 0.396611, -0.002831, 0.106559, -0.382244, -0.917897, -1.2e-05, 0.0, 0.0, 0.0, 1.0],
                [0.953519, 0.301319, -0.002778, 0.124994, 0.277234, -0.873612, 0.399926, -0.002831, 0.118078, -0.382106, -0.916543, -1.2e-05, 0.0, 0.0, 0.0, 1.0],
                [0.952386, 0.304843, 0.005549, 0.124994, 0.276913, -0.872454, 0.402667, -0.002831, 0.127591, -0.381957, -0.91533, -1.2e-05, 0.0, 0.0, 0.0, 1.0],
                [0.951433, 0.307617, 0.012094, 0.124994, 0.276641, -0.871542, 0.404824, -0.002831, 0.135071, -0.381817, -0.914314, -1.2e-05, 0.0, 0.0, 0.0, 1.0],
                [0.950709, 0.309626, 0.016828, 0.124994, 0.276435, -0.87088, 0.406387, -0.002831, 0.140483, -0.381703, -0.913546, -1.2e-05, 0.0, 0.0, 0.0, 1.0],
                [0.950254, 0.31085, 0.01971, 0.124994, 0.276305, -0.870476, 0.407339, -0.002831, 0.143778, -0.381629, -0.913064, -1.2e-05, 0.0, 0.0, 0.0, 1.0],
                [0.950098, 0.311264, 0.020685, 0.124994, 0.27626, -0.87034, 0.407661, -0.002831, 0.144894, -0.381603, -0.912899, -1.2e-05, 0.0, 0.0, 0.0, 1.0]
            ]
        },
        {
            "name": "Leg_R",
            "time": [0.0, 0.0167, 0.0333, 0.05, 0.0667, 0.0833, 0.1, 0.1167, 0.1333, 0.15, 0.1667, 0.1833, 0.2, 0.2167, 0.2333, 0.25, 0.2667, 0.2833, 0.3, 0.3167, 0.3333, 0.35, 0.3667, 0.3833, 0.4, 0.4167, 0.4333, 0.45, 0.4667, 0.4833, 0.5, 0.5167, 0.5333, 0.55, 0.5667, 0.5833, 0.6, 0.6167, 0.6333, 0.65, 0.6667, 0.6833, 0.7, 0.7167, 0.7333, 0.75, 0.7667, 0.7833, 0.8, 0.8167, 0.8333, 0.85, 0.8667, 0.8833, 0.9, 0.9167, 0.9333, 0.95, 0.9667, 0.9833, 1.0, 1.0167, 1.0333, 1.05, 1.0667, 1.0833, 1.1, 1.1167, 1.1333, 1.15, 1.1667, 1.1833, 1.2, 1.2167, 1.2333, 1.25, 1.2667, 1.2833, 1.3, 1.3167, 1.3333, 1.35, 1.3667, 1.3833, 1.4, 1.4167, 1.4333, 1.45, 1.4667, 1.4833, 1.5, 1.5167, 1.5333, 1.55, 1.5667, 1.5833, 1.6, 1.6167, 1.6333, 1.65, 1.6667],
            "transform": [
                [1.0, -0.0, 1e-06, 0.0, -0.0, 0.715844, 0.698262, 0.374726, -1e-06, -0.698264, 0.715839, 0.0, 0.0, 0.0, 0.0, 1.0],
                [1.0, -0.0, 1e-06, -0.0, -0.0, 0.715856, 0.698248, 0.374726, -1e-06, -0.698251, 0.715851, 0.0, 0.0, 0.0, 0.0, 1.0],
                [1.0, -1e-06, 1e-06, -0.0, -0.0, 0.715936, 0.698167, 0.374726, -1e-06, -0.698169, 0.715931, 0.0, 0.0, 0.0, 0.0, 1.0],
                [1.0, -0.0, 1e-06, 0.0, -0.0, 0.716152, 0.697945, 0.374726, -1e-06, -0.697947, 0.716148, 0.0, 0.0, 0.0, 0.0, 1.0],
                [1.0, -0.0, 1e-06, 0.0, -0.0, 0.716577, 0.697509, 0.374726, -1e-06, -0.697512, 0.716572, 0.0, 0.0, 0.0, 0.0, 1.0],
                [1.0, -0.0, 1e-06, 0.0, -0.0, 0.717279, 0.696787, 0.374726, -1e-06, -0.69679, 0.717274, -0.0, 0.0, 0.0, 0.0, 1.0],
                [1.0, -0.0, 1e-06, -0.0, -0.0, 0.718335, 0.695699, 0.374726, -1e-06, -0.695702, 0.71833, 0.0, 0.0, 0.0, 0.0, 1.0],
                [1.0, -1e-06, 1e-06, -0.0, -0.0, 0.719826, 0.694155, 0.374726, -1e-06, -0.694158, 0.719821, 0.0, 0.0, 0.0, 0.0, 1.0],
                [1.0, -0.0, 1e-06, 0.0, -0.0, 0.721838, 0.692064, 0.374726, -1e-06, -0.692066, 0.721832, -0.0, 0.0, 0.0, 0.0, 1.0],
                [1.0, -1e-06, 1e-06, -0.0, -0.0, 0.724471, 0.689307, 0.374726, -1e-06, -0.689309, 0.724465, -0.0, 0.0, 0.0, 0.0, 1.0],
                [1.0, -1e-06, 1e-06, -0.0, -0.0, 0.72784, 0.685748, 0.374726, -1e-06, -0.685751, 0.727834, 0.0, 0.0, 0.0, 0.0, 1.0],
                [1.0, -0.0, 1e-06, 0.0, -0.0, 0.732071, 0.681229, 0.374726, -1e-06, -0.681232, 0.732067, -0.0, 0.0, 0.0, 0.0, 1.0],
                [1.0, -0.0, 1e-06, -0.0, -0.0, 0.737318, 0.675547, 0.374726, -1e-06, -0.675549, 0.737313, -0.0, 0.0, 0.0, 0.0, 1.0],
                [1.0, -0.0, 1e-06, -0.0, -0.0, 0.743758, 0.66845, 0.374726, -1e-06, -0.668453, 0.743753, 0.0, 0.0, 0.0, 0.0, 1.0],
                [1.0, -1e-06, 1e-06, 0.0, -0.0, 0.751599, 0.659622, 0.374726, -1e-06, -0.659624, 0.751594, -0.0, 0.0, 0.0, 0.0, 1.0],
                [1.0, -1e-06, 1e-06, -0.0, -0.0, 0.761084, 0.648654, 0.374726, -1e-06, -0.648657, 0.761079, -0.0, 0.0, 0.0, 0.0, 1.0],
                [1.0, -0.0, 1e-06, -0.0, -0.0, 0.778057, 0.628196, 0.374726, -1e-06, -0.628199, 0.778051, -0.0, 0.0, 0.0, 0.0, 1.0],
                [1.0, -0.0, 1e-06, -0.0, -0.0, 0.809058, 0.587731, 0.374726, -1e-06, -0.587734, 0.809052, 0.0, 0.0, 0.0, 0.0, 1.0],
                [1.0, -0.0, 1e-06, 0.0, -0.0, 0.855972, 0.517026, 0.374726, -1e-06, -0.517028, 0.855965, 0.0, 0.0, 0.0, 0.0, 1.0],
                [1.0, -0.0, 1e-06, -0.0, -0.0, 0.920507, 0.390733, 0.374726, -1e-06, -0.390735, 0.9205, 0.0, 0.0, 0.0, 0.0, 1.0],
                [1.0, 0.0, 1e-06, 0.0, -0.0, 0.999995, 0.004681, 0.374726, -1e-06, -0.004681, 0.999983, -0.0, 0.0, 0.0, 0.0, 1.0],
                [1.0, -0.0, 1e-06, 0.0, -0.0, 0.993547, 0.113456, 0.374726, -1e-06, -0.113457, 0.993538, -0.0, 0.0, 0.0, 0.0, 1.0],
                [1.0, -0.0, 1e-06, -0.0, -0.0, 0.825561, 0.564314, 0.374726, -1e-06, -0.564317, 0.825556, -0.0, 0.0, 0.0, 0.0, 1.0],
                [1.0, -1e-06, 1e-06, 0.0, -0.0, 0.574104, 0.818782, 0.374726, -1e-06, -0.818785, 0.5741, -0.0, 0.0, 0.0, 0.0, 1.0],
                [1.000001, -1e-06, 1e-06, 0.0, -0.0, 0.313809, 0.949486, 0.374726, -1e-06, -0.949488, 0.313808, 0.0, 0.0, 0.0, 0.0, 1.0],
                [1.0, -1e-06, 0.0, 0.0, -0.0, 0.117024, 0.993129, 0.374726, -1e-06, -0.993131, 0.117024, -0.0, 0.0, 0.0, 0.0, 1.0],
                [1.0, -1e-06, 0.0, -0.0, -0.0, -0.00137, 0.999998, 0.374726, -1e-06, -1.0, -0.00137, 0.0, 0.0, 0.0, 0.0, 1.0],
                [1.0, -1e-06, 0.0, -0.0, -0.0, -0.050445, 0.998726, 0.374726, -1e-06, -0.998727, -0.050445, 0.0, 0.0, 0.0, 0.0, 1.0],
                [1.0, -1e-06, 0.0, -0.0, -0.0, -0.011028, 0.999938, 0.374726, -1e-06, -0.99994, -0.011028, -0.0, 0.0, 0.0, 0.0, 1.0],
                [1.0, -1e-06, 0.0, -0.0, -0.0, 0.098983, 0.995088, 0.374726, -1e-06, -0.99509, 0.098982, -0.0, 0.0, 0.0, 0.0, 1.0],
                [1.0, -1e-06, 0.0, -0.0, -0.0, 0.229024, 0.97342, 0.374726, -1e-06, -0.973422, 0.229023, -0.0, 0.0, 0.0, 0.0, 1.0],
                [1.000001, -1e-06, 1e-06, -0.0, -0.0, 0.405154, 0.914247, 0.374726, -1e-06, -0.91425, 0.405151, -0.0, 0.0, 0.0, 0.0, 1.0],
                [1.000001, -1e-06, 1e-06, -0.0, -0.0, 0.638639, 0.769507, 0.374726, -1e-06, -0.76951, 0.638634, -0.0, 0.0, 0.0, 0.0, 1.0],
                [1.0, -0.0, 1e-06, -0.0, -0.0, 0.843351, 0.537368, 0.374726, -1e-06, -0.53737, 0.843344, -0.0, 0.0, 0.0, 0.0, 1.0],
                [1.0, -0.0, 1e-06, 0.0, -0.0, 0.91104, 0.412326, 0.374726, -1e-06, -0.412328, 0.911032, -0.0, 0.0, 0.0, 0.0, 1.0],
                [1.0, -0.0, 1e-06, 0.0, -0.0, 0.870583, 0.492027, 0.374726, -1e-06, -0.492029, 0.870576, 0.0, 0.0, 0.0, 0.0, 1.0],
                [1.0, -0.0, 1e-06, -0.0, -0.0, 0.832469, 0.554077, 0.374726, -1e-06, -0.554079, 0.832461, -0.0, 0.0, 0.0, 0.0, 1.0],
