{
    "animation": [
        {
            "name": "Root",
            "time": [0.0, 0.0167, 0.0333, 0.05, 0.0667, 0.0833, 0.1, 0.1167, 0.1333, 0.15, 0.1667, 0.1833, 0.2, 0.2167, 0.2333, 0.25, 0.2667, 0.2833, 0.3, 0.3167, 0.3333, 0.35, 0.3667, 0.3833, 0.4, 0.4167, 0.4333, 0.45, 0.4667, 0.4833, 0.5, 0.5167, 0.5333, 0.55, 0.5667, 0.5833, 0.6, 0.6167, 0.6333, 0.65, 0.6667, 0.6833, 0.7, 0.7167, 0.7333, 0.75, 0.7667, 0.7833, 0.8, 0.8167, 0.8333, 0.85, 0.8667, 0.8833, 0.9, 0.9167, 0.9333, 0.95, 0.9667, 0.9833, 1.0, 1.0167, 1.0333, 1.05, 1.0667, 1.0833, 1.1, 1.1167, 1.1333, 1.15, 1.1667, 1.1833, 1.2, 1.2167, 1.2333, 1.25, 1.2667, 1.2833, 1.3, 1.3167, 1.3333, 1.35, 1.3667, 1.3833, 1.4, 1.4167, 1.4333, 1.45, 1.4667, 1.4833, 1.5, 1.5167, 1.5333, 1.55, 1.5667, 1.5833, 1.6, 1.6167, 1.6333, 1.65, 1.6667, 1.6833, 1.7, 1.7167, 1.7333, 1.75, 1.7667, 1.7833, 1.8, 1.8167, 1.8333, 1.85, 1.8667, 1.8833, 1.9, 1.9167, 1.9333, 1.95, 1.9667, 1.9833, 2.0],
            "transform": [
                [0.996172, 0.017548, -0.085633, -5e-06, -0.087151, 0.275127, -0.95745, 0.061178, 0.006758, 0.961248, 0.275603, 0.633547, 0.0, 0.0, 0.0, 1.0],
                [0.994984, 0.007747, -0.099729, -5e-06, -0.098297, 0.260467, -0.960466, 0.061511, 0.018535, 0.965452, 0.259922, 0.639034, 0.0, 0.0, 0.0, 1.0],
                [0.989878, -0.017975, -0.140779, -5e-06, -0.133288, 0.22297, -0.96567, 0.063844, 0.048748, 0.974659, 0.218318, 0.653184, 0.0, 0.0, 0.0, 1.0],
                [0.976908, -0.054821, -0.206509, -5e-06, -0.194401, 0.172979, -0.96555, 0.070174, 0.088654, 0.983399, 0.158327, 0.672531, 0.0, 0.0, 0.0, 1.0],
                [0.950668, -0.097619, -0.29445, -5e-06, -0.28224, 0.1217, -0.951593, 0.082502, 0.128728, 0.987755, 0.088145, 0.693611, 0.0, 0.0, 0.0, 1.0],
                [0.90494, -0.139525, -0.402016, -5e-06, -0.394296, 0.080386, -0.915461, 0.102826, 0.160046, 0.98695, 0.017731, 0.712959, 0.0, 0.0, 0.0, 1.0],
                [0.833058, -0.171163, -0.52604, -5e-06, -0.524368, 0.058585, -0.849474, 0.133146, 0.176217, 0.983499, -0.040948, 0.727108, 0.0, 0.0, 0.0, 1.0],
                [0.728169, -0.180139, -0.661302, -5e-06, -0.66257, 0.061933, -0.746435, 0.17546, 0.175418, 0.98169, -0.074257, 0.732595, 0.0, 0.0, 0.0, 1.0],
                [0.578699, -0.167717, -0.79811, -5e-06, -0.797742, 0.086933, -0.5967, 0.232221, 0.169458, 0.981995, -0.083487, 0.730459, 0.0, 0.0, 0.0, 1.0],
                [0.378763, -0.143165, -0.914353, -5e-06, -0.909961, 0.122637, -0.396146, 0.302458, 0.168848, 0.982071, -0.083824, 0.724515, 0.0, 0.0, 0.0, 1.0],
                [0.135298, -0.105658, -0.985156, -5e-06, -0.97554, 0.159659, -0.1511, 0.383036, 0.173254, 0.981502, -0.081472, 0.715454, 0.0, 0.0, 0.0, 1.0],
                [-0.140305, -0.056951, -0.988469, -5e-06, -0.973548, 0.189767, 0.127253, 0.47082, 0.180332, 0.980176, -0.08207, 0.703968, 0.0, 0.0, 0.0, 1.0],
                [-0.434147, -0.000946, -0.900841, -5e-06, -0.881608, 0.205987, 0.424661, 0.562674, 0.18516, 0.978554, -0.090262, 0.690752, 0.0, 0.0, 0.0, 1.0],
                [-0.724439, 0.056063, -0.687055, -5e-06, -0.665721, 0.201759, 0.718407, 0.655463, 0.178896, 0.977829, -0.10884, 0.676496, 0.0, 0.0, 0.0, 1.0],
                [-0.950628, 0.087303, -0.2978, -5e-06, -0.280182, 0.171159, 0.944565, 0.746052, 0.133434, 0.981368, -0.138248, 0.661894, 0.0, 0.0, 0.0, 1.0],
                [-0.956075, 0.061644, 0.286567, -5e-06, 0.292383, 0.131185, 0.94726, 0.831306, 0.0208, 0.989439, -0.143446, 0.647639, 0.0, 0.0, 0.0, 1.0],
                [-0.531075, -0.017794, 0.847138, -5e-06, 0.838639, 0.131751, 0.528514, 0.90809, -0.121016, 0.991123, -0.055047, 0.634422, 0.0, 0.0, 0.0, 1.0],
                [0.139265, -0.087172, 0.986411, -5e-06, 0.972674, 0.198911, -0.119747, 0.973268, -0.185769, 0.976133, 0.112491, 0.622937, 0.0, 0.0, 0.0, 1.0],
                [0.612173, -0.104525, 0.783785, -5e-06, 0.774103, 0.281386, -0.567086, 1.023706, -0.161271, 0.953885, 0.25317, 0.613876, 0.0, 0.0, 0.0, 1.0],
                [0.821292, -0.09597, 0.562378, -5e-06, 0.558032, 0.340156, -0.756898, 1.056267, -0.118657, 0.935459, 0.332922, 0.607931, 0.0, 0.0, 0.0, 1.0],
                [0.879021, -0.091056, 0.468007, -5e-06, 0.465839, 0.373123, -0.802354, 1.067818, -0.101565, 0.923303, 0.370401, 0.605796, 0.0, 0.0, 0.0, 1.0],
                [0.88479, -0.093242, 0.456566, -5e-06, 0.453994, 0.393364, -0.799471, 1.067818, -0.105053, 0.914642, 0.390376, 0.605836, 0.0, 0.0, 0.0, 1.0],
                [0.889802, -0.09372, 0.446619, -5e-06, 0.443068, 0.411785, -0.796319, 1.067818, -0.109279, 0.906449, 0.407932, 0.605951, 0.0, 0.0, 0.0, 1.0],
                [0.894126, -0.09272, 0.438112, -5e-06, 0.433012, 0.428477, -0.793037, 1.067818, -0.114191, 0.898783, 0.423261, 0.606134, 0.0, 0.0, 0.0, 1.0],
                [0.897819, -0.09045, 0.430975, -5e-06, 0.423778, 0.443535, -0.78974, 1.067818, -0.119721, 0.891681, 0.436545, 0.606374, 0.0, 0.0, 0.0, 1.0],
                [0.900936, -0.087109, 0.42512, -5e-06, 0.415321, 0.457054, -0.786518, 1.067818, -0.12579, 0.885163, 0.447954, 0.606665, 0.0, 0.0, 0.0, 1.0],
                [0.903524, -0.082881, 0.420447, -5e-06, 0.407602, 0.469125, -0.783443, 1.067818, -0.13231, 0.879234, 0.457648, 0.606997, 0.0, 0.0, 0.0, 1.0],
                [0.905628, -0.077938, 0.416849, -5e-06, 0.400581, 0.479841, -0.780569, 1.067818, -0.139186, 0.873887, 0.465778, 0.607363, 0.0, 0.0, 0.0, 1.0],
                [0.907292, -0.072445, 0.414213, -5e-06, 0.394225, 0.48929, -0.777934, 1.067818, -0.146313, 0.869107, 0.472489, 0.607754, 0.0, 0.0, 0.0, 1.0],
                [0.908559, -0.066559, 0.41242, -5e-06, 0.388501, 0.497559, -0.775566, 1.067818, -0.153582, 0.864873, 0.47792, 0.608162, 0.0, 0.0, 0.0, 1.0],
                [0.909473, -0.060431, 0.411348, -5e-06, 0.383376, 0.50473, -0.773479, 1.067818, -0.160878, 0.86116, 0.482206, 0.608578, 0.0, 0.0, 0.0, 1.0],
                [0.910079, -0.054205, 0.410875, -5e-06, 0.378821, 0.510884, -0.771681, 1.067818, -0.16808, 0.857939, 0.485478, 0.608994, 0.0, 0.0, 0.0, 1.0],
                [0.910425, -0.048025, 0.410878, -5e-06, 0.374806, 0.516097, -0.770172, 1.067818, -0.175065, 0.855183, 0.487868, 0.609401, 0.0, 0.0, 0.0, 1.0],
                [0.91056, -0.042031, 0.411234, -5e-06, 0.371299, 0.520445, -0.768943, 1.067818, -0.181705, 0.85286, 0.489503, 0.609792, 0.0, 0.0, 0.0, 1.0],
                [0.91054, -0.03636, 0.41182, -5e-06, 0.36827, 0.524001, -0.767985, 1.067818, -0.18787, 0.850941, 0.490514, 0.610158, 0.0, 0.0, 0.0, 1.0],
                [0.910417, -0.031149, 0.412517, -5e-06, 0.365686, 0.526835, -0.76728, 1.067818, -0.193428, 0.849397, 0.49103, 0.61049, 0.0, 0.0, 0.0, 1.0],
                [0.910251, -0.026535, 0.413205, -5e-06, 0.363513, 0.529015, -0.766812, 1.067818, -0.198244, 0.848197, 0.491183, 0.610781, 0.0, 0.0, 0.0, 1.0],
                [0.910101, -0.022654, 0.413767, -5e-06, 0.361717, 0.530609, -0.76656, 1.067818, -0.202183, 0.847314, 0.491102, 0.611022, 0.0, 0.0, 0.0, 1.0],
                [0.910025, -0.019643, 0.414088, -5e-06, 0.360258, 0.531684, -0.766503, 1.067818, -0.205107, 0.846715, 0.490922, 0.611204, 0.0, 0.0, 0.0, 1.0],
                [0.910082, -0.017638, 0.414054, -5e-06, 0.359099, 0.532302, -0.766617, 1.067818, -0.20688, 0.84637, 0.490773, 0.611319, 0.0, 0.0, 0.0, 1.0],
                [0.910327, -0.016776, 0.413549, -5e-06, 0.358197, 0.532531, -0.766881, 1.067818, -0.207362, 0.846244, 0.490786, 0.61136, 0.0, 0.0, 0.0, 1.0],
                [0.910732, -0.016616, 0.412663, -5e-06, 0.357365, 0.532565, -0.767245, 1.067818, -0.207021, 0.846226, 0.490962, 0.611294, 0.0, 0.0, 0.0, 1.0],
                [0.911231, -0.016615, 0.41156, -5e-06, 0.356438, 0.53255, -0.767687, 1.067818, -0.206421, 0.846235, 0.491198, 0.611106, 0.0, 0.0, 0.0, 1.0],
                [0.911825, -0.016753, 0.410237, -5e-06, 0.35541, 0.532469, -0.768219, 1.067818, -0.205568, 0.846284, 0.491473, 0.610809, 0.0, 0.0, 0.0, 1.0],
                [0.912514, -0.017014, 0.408692, -5e-06, 0.354276, 0.532304, -0.768857, 1.067818, -0.204467, 0.846382, 0.491762, 0.610417, 0.0, 0.0, 0.0, 1.0],
                [0.913297, -0.017378, 0.406924, -5e-06, 0.353029, 0.532039, -0.769614, 1.067818, -0.203125, 0.846541, 0.492045, 0.609944, 0.0, 0.0, 0.0, 1.0],
                [0.914173, -0.017829, 0.404931, -5e-06, 0.351661, 0.531657, -0.770503, 1.067818, -0.201547, 0.846772, 0.492296, 0.609403, 0.0, 0.0, 0.0, 1.0],
                [0.915143, -0.018348, 0.402711, -5e-06, 0.350167, 0.53114, -0.77154, 1.067818, -0.19974, 0.847085, 0.492494, 0.608807, 0.0, 0.0, 0.0, 1.0],
                [0.916205, -0.018918, 0.400263, -5e-06, 0.348539, 0.530472, -0.772736, 1.067818, -0.19771, 0.847492, 0.492614, 0.60817, 0.0, 0.0, 0.0, 1.0],
                [0.917358, -0.019521, 0.397585, -5e-06, 0.346769, 0.529634, -0.774105, 1.067818, -0.195463, 0.848001, 0.492634, 0.607506, 0.0, 0.0, 0.0, 1.0],
                [0.9186, -0.020141, 0.394674, -5e-06, 0.344851, 0.528611, -0.77566, 1.067818, -0.193007, 0.848625, 0.492528, 0.606829, 0.0, 0.0, 0.0, 1.0],
                [0.919931, -0.020761, 0.39153, -5e-06, 0.342775, 0.527384, -0.777413, 1.067818, -0.190347, 0.849373, 0.492273, 0.606152, 0.0, 0.0, 0.0, 1.0],
                [0.921348, -0.021364, 0.388152, -5e-06, 0.340536, 0.525936, -0.779376, 1.067818, -0.187492, 0.850256, 0.491845, 0.605488, 0.0, 0.0, 0.0, 1.0],
                [0.922849, -0.021934, 0.384536, -5e-06, 0.338124, 0.524248, -0.78156, 1.067818, -0.18445, 0.851283, 0.491219, 0.604851, 0.0, 0.0, 0.0, 1.0],
                [0.924433, -0.022456, 0.380683, -5e-06, 0.33553, 0.522303, -0.783976, 1.067818, -0.181227, 0.852464, 0.490369, 0.604256, 0.0, 0.0, 0.0, 1.0],
                [0.926097, -0.022914, 0.37659, -5e-06, 0.332746, 0.520083, -0.786634, 1.067818, -0.177833, 0.853808, 0.489272, 0.603714, 0.0, 0.0, 0.0, 1.0],
                [0.927838, -0.023292, 0.372256, -5e-06, 0.329764, 0.517569, -0.789543, 1.067818, -0.174278, 0.855324, 0.487901, 0.603241, 0.0, 0.0, 0.0, 1.0],
                [0.929653, -0.023577, 0.36768, -5e-06, 0.326573, 0.514742, -0.792711, 1.067818, -0.17057, 0.857021, 0.486232, 0.602849, 0.0, 0.0, 0.0, 1.0],
                [0.931541, -0.023755, 0.36286, -5e-06, 0.323166, 0.511583, -0.796145, 1.067818, -0.16672, 0.858905, 0.484238, 0.602552, 0.0, 0.0, 0.0, 1.0],
                [0.933496, -0.023813, 0.357795, -5e-06, 0.319531, 0.508073, -0.799851, 1.067818, -0.162739, 0.860985, 0.481894, 0.602364, 0.0, 0.0, 0.0, 1.0],
                [0.935517, -0.023737, 0.352483, -5e-06, 0.315661, 0.504192, -0.803834, 1.067818, -0.158639, 0.863265, 0.479173, 0.602298, 0.0, 0.0, 0.0, 1.0],
                [0.937607, -0.023492, 0.346903, -5e-06, 0.311537, 0.499805, -0.808171, 1.067734, -0.154398, 0.86582, 0.475939, 0.602412, 0.0, 0.0, 0.0, 1.0],
                [0.939764, -0.023064, 0.341044, -5e-06, 0.307153, 0.494802, -0.812913, 1.067485, -0.15, 0.8687, 0.472082, 0.602748, 0.0, 0.0, 0.0, 1.0],
                [0.941979, -0.022469, 0.334918, -5e-06, 0.302515, 0.489205, -0.818024, 1.067077, -0.145463, 0.871879, 0.467619, 0.603298, 0.0, 0.0, 0.0, 1.0],
                [0.94424, -0.021725, 0.32854, -5e-06, 0.297631, 0.483036, -0.823464, 1.066517, -0.140807, 0.875331, 0.462568, 0.604055, 0.0, 0.0, 0.0, 1.0],
                [0.946536, -0.020848, 0.321925, -5e-06, 0.292507, 0.476316, -0.829194, 1.065808, -0.136051, 0.879027, 0.456949, 0.605011, 0.0, 0.0, 0.0, 1.0],
                [0.948855, -0.019857, 0.315086, -5e-06, 0.287153, 0.469069, -0.835175, 1.064958, -0.131213, 0.882938, 0.45078, 0.606158, 0.0, 0.0, 0.0, 1.0],
                [0.951189, -0.018769, 0.308039, -5e-06, 0.281577, 0.461316, -0.841369, 1.063971, -0.126312, 0.887037, 0.444084, 0.60749, 0.0, 0.0, 0.0, 1.0],
                [0.953525, -0.017599, 0.300799, -5e-06, 0.275789, 0.453083, -0.847736, 1.062854, -0.121368, 0.891294, 0.43688, 0.608997, 0.0, 0.0, 0.0, 1.0],
                [0.955856, -0.016364, 0.293379, -5e-06, 0.269798, 0.444395, -0.854238, 1.061612, -0.116398, 0.895682, 0.429193, 0.610673, 0.0, 0.0, 0.0, 1.0],
                [0.958171, -0.01508, 0.285797, -5e-06, 0.263616, 0.435276, -0.860838, 1.060251, -0.11142, 0.900171, 0.421044, 0.61251, 0.0, 0.0, 0.0, 1.0],
                [0.960463, -0.013761, 0.278068, -5e-06, 0.257254, 0.425753, -0.867499, 1.058777, -0.106451, 0.904735, 0.41246, 0.6145, 0.0, 0.0, 0.0, 1.0],
                [0.962722, -0.012422, 0.270207, -5e-06, 0.250724, 0.415853, -0.874188, 1.057194, -0.101507, 0.909347, 0.403465, 0.616636, 0.0, 0.0, 0.0, 1.0],
                [0.964941, -0.011076, 0.262231, -5e-06, 0.24404, 0.405603, -0.880869, 1.05551, -0.096605, 0.913982, 0.394086, 0.618909, 0.0, 0.0, 0.0, 1.0],
                [0.967114, -0.009735, 0.254157, -5e-06, 0.237214, 0.395032, -0.887513, 1.053729, -0.09176, 0.918616, 0.38435, 0.621312, 0.0, 0.0, 0.0, 1.0],
                [0.969234, -0.008411, 0.245999, -5e-06, 0.230261, 0.384167, -0.894089, 1.051857, -0.086984, 0.923225, 0.374285, 0.623839, 0.0, 0.0, 0.0, 1.0],
                [0.971294, -0.007115, 0.237775, -5e-06, 0.223194, 0.37304, -0.90057, 1.0499, -0.082292, 0.927788, 0.363919, 0.62648, 0.0, 0.0, 0.0, 1.0],
                [0.973291, -0.005856, 0.229502, -5e-06, 0.21603, 0.361677, -0.906929, 1.047863, -0.077695, 0.932285, 0.353282, 0.629228, 0.0, 0.0, 0.0, 1.0],
                [0.975219, -0.004643, 0.221195, -5e-06, 0.208782, 0.350111, -0.913144, 1.045753, -0.073203, 0.936697, 0.342404, 0.632076, 0.0, 0.0, 0.0, 1.0],
                [0.977074, -0.003482, 0.21287, -5e-06, 0.201466, 0.33837, -0.919194, 1.043575, -0.068828, 0.941007, 0.331314, 0.635015, 0.0, 0.0, 0.0, 1.0],
                [0.978854, -0.002382, 0.204545, -5e-06, 0.194098, 0.326483, -0.925059, 1.041334, -0.064577, 0.9452, 0.320042, 0.638039, 0.0, 0.0, 0.0, 1.0],
                [0.980556, -0.001346, 0.196234, -5e-06, 0.186693, 0.314481, -0.930724, 1.039037, -0.060459, 0.949263, 0.308618, 0.64114, 0.0, 0.0, 0.0, 1.0],
                [0.982178, -0.000381, 0.187953, -5e-06, 0.179267, 0.302394, -0.936174, 1.036688, -0.056479, 0.953183, 0.297073, 0.644309, 0.0, 0.0, 0.0, 1.0],
                [0.983718, 0.000512, 0.179717, -5e-06, 0.171834, 0.290249, -0.941397, 1.034294, -0.052644, 0.956951, 0.285435, 0.64754, 0.0, 0.0, 0.0, 1.0],
                [0.985176, 0.001328, 0.171541, -5e-06, 0.164412, 0.278077, -0.946384, 1.03186, -0.048958, 0.960558, 0.273736, 0.650824, 0.0, 0.0, 0.0, 1.0],
                [0.986551, 0.002066, 0.163439, -5e-06, 0.157013, 0.265904, -0.951127, 1.029393, -0.045424, 0.963997, 0.262003, 0.654155, 0.0, 0.0, 0.0, 1.0],
                [0.987844, 0.002726, 0.155425, -5e-06, 0.149655, 0.253759, -0.95562, 1.026897, -0.042045, 0.967264, 0.250266, 0.657523, 0.0, 0.0, 0.0, 1.0],
                [0.989055, 0.003307, 0.147512, -5e-06, 0.14235, 0.241667, -0.959861, 1.024378, -0.038823, 0.970353, 0.238552, 0.660922, 0.0, 0.0, 0.0, 1.0],
                [0.990185, 0.003809, 0.139713, -5e-06, 0.135113, 0.229657, -0.963848, 1.021842, -0.035757, 0.973264, 0.226888, 0.664345, 0.0, 0.0, 0.0, 1.0],
                [0.991235, 0.004234, 0.132039, -5e-06, 0.127958, 0.217751, -0.96758, 1.019295, -0.032848, 0.975995, 0.215301, 0.667782, 0.0, 0.0, 0.0, 1.0],
                [0.992209, 0.004584, 0.124503, -5e-06, 0.120898, 0.205976, -0.97106, 1.016742, -0.030095, 0.978546, 0.203817, 0.671227, 0.0, 0.0, 0.0, 1.0],
                [0.993106, 0.00486, 0.117116, -5e-06, 0.113946, 0.194353, -0.974291, 1.014189, -0.027497, 0.98092, 0.192459, 0.674672, 0.0, 0.0, 0.0, 1.0],
                [0.993931, 0.005067, 0.109887, -5e-06, 0.107113, 0.182906, -0.977278, 1.011642, -0.02505, 0.983117, 0.181253, 0.67811, 0.0, 0.0, 0.0, 1.0],
                [0.994686, 0.005206, 0.102826, -5e-06, 0.100413, 0.171656, -0.980026, 1.009106, -0.022753, 0.985143, 0.170221, 0.681532, 0.0, 0.0, 0.0, 1.0],
                [0.995373, 0.005283, 0.095944, -5e-06, 0.093855, 0.160623, -0.982543, 1.006587, -0.020601, 0.987002, 0.159384, 0.684931, 0.0, 0.0, 0.0, 1.0],
                [0.995995, 0.0053, 0.089247, -5e-06, 0.08745, 0.149827, -0.984837, 1.004091, -0.018591, 0.988698, 0.148764, 0.6883, 0.0, 0.0, 0.0, 1.0],
                [0.996557, 0.005262, 0.082745, -5e-06, 0.081209, 0.139287, -0.986916, 1.001624, -0.016719, 0.990238, 0.138381, 0.69163, 0.0, 0.0, 0.0, 1.0],
                [0.99706, 0.005175, 0.076445, -5e-06, 0.075141, 0.129021, -0.988791, 0.99919, -0.01498, 0.991628, 0.128253, 0.694915, 0.0, 0.0, 0.0, 1.0],
                [0.997509, 0.005041, 0.070353, -5e-06, 0.069255, 0.119044, -0.990471, 0.996796, -0.013368, 0.992876, 0.118399, 0.698145, 0.0, 0.0, 0.0, 1.0],
                [0.997907, 0.004867, 0.064477, -5e-06, 0.06356, 0.109374, -0.991966, 0.994447, -0.01188, 0.993989, 0.108836, 0.701315, 0.0, 0.0, 0.0, 1.0],
                [0.998258, 0.004657, 0.058823, -5e-06, 0.058064, 0.100025, -0.993289, 0.99215, -0.01051, 0.994974, 0.09958, 0.704415, 0.0, 0.0, 0.0, 1.0],
                [0.998564, 0.004416, 0.053397, -5e-06, 0.052774, 0.091012, -0.99445, 0.989909, -0.009252, 0.99584, 0.090648, 0.707439, 0.0, 0.0, 0.0, 1.0],
                [0.998829, 0.00415, 0.048203, -5e-06, 0.047698, 0.082348, -0.995462, 0.987731, -0.0081, 0.996595, 0.082054, 0.710379, 0.0, 0.0, 0.0, 1.0],
                [0.999057, 0.003862, 0.043248, -5e-06, 0.042843, 0.074048, -0.996334, 0.985621, -0.00705, 0.997247, 0.073813, 0.713227, 0.0, 0.0, 0.0, 1.0],
                [0.999251, 0.003559, 0.038535, -5e-06, 0.038216, 0.066123, -0.997079, 0.983584, -0.006096, 0.997805, 0.065937, 0.715975, 0.0, 0.0, 0.0, 1.0],
                [0.999414, 0.003244, 0.034071, -5e-06, 0.033822, 0.058586, -0.997709, 0.981627, -0.005233, 0.998277, 0.058442, 0.718616, 0.0, 0.0, 0.0, 1.0],
                [0.99955, 0.002923, 0.029859, -5e-06, 0.029669, 0.051448, -0.998235, 0.979755, -0.004454, 0.998671, 0.051338, 0.721142, 0.0, 0.0, 0.0, 1.0],
                [0.999661, 0.002601, 0.025903, -5e-06, 0.025761, 0.044722, -0.998667, 0.977974, -0.003756, 0.998996, 0.04464, 0.723546, 0.0, 0.0, 0.0, 1.0],
                [0.999751, 0.002281, 0.022209, -5e-06, 0.022105, 0.038419, -0.999017, 0.97629, -0.003132, 0.999259, 0.038359, 0.725819, 0.0, 0.0, 0.0, 1.0],
                [0.999822, 0.001968, 0.018781, -5e-06, 0.018707, 0.032549, -0.999295, 0.974707, -0.002578, 0.999468, 0.032506, 0.727955, 0.0, 0.0, 0.0, 1.0],
                [0.999876, 0.001667, 0.015622, -5e-06, 0.015571, 0.027125, -0.999511, 0.973233, -0.00209, 0.999631, 0.027095, 0.729944, 0.0, 0.0, 0.0, 1.0],
                [0.999918, 0.001381, 0.012738, -5e-06, 0.012705, 0.022157, -0.999674, 0.971872, -0.001662, 0.999753, 0.022137, 0.731781, 0.0, 0.0, 0.0, 1.0],
                [0.999948, 0.001113, 0.010134, -5e-06, 0.010112, 0.017656, -0.999793, 0.97063, -0.001292, 0.999843, 0.017644, 0.733457, 0.0, 0.0, 0.0, 1.0],
                [0.999969, 0.000868, 0.007813, -5e-06, 0.007801, 0.013636, -0.999877, 0.969513, -0.000974, 0.999907, 0.013629, 0.734965, 0.0, 0.0, 0.0, 1.0],
                [0.999983, 0.000648, 0.005782, -5e-06, 0.005775, 0.010107, -0.999932, 0.968526, -0.000706, 0.999949, 0.010103, 0.736296, 0.0, 0.0, 0.0, 1.0],
                [0.999992, 0.000456, 0.004045, -5e-06, 0.004042, 0.007082, -0.999967, 0.967676, -0.000485, 0.999975, 0.00708, 0.737444, 0.0, 0.0, 0.0, 1.0],
                [0.999997, 0.000296, 0.002609, -5e-06, 0.002607, 0.004574, -0.999986, 0.966968, -0.000308, 0.99999, 0.004573, 0.7384, 0.0, 0.0, 0.0, 1.0],
                [0.999999, 0.000168, 0.001479, -5e-06, 0.001478, 0.002597, -0.999996, 0.966407, -0.000172, 0.999997, 0.002597, 0.739157, 0.0, 0.0, 0.0, 1.0],
                [1.0, 7.5e-05, 0.000663, -5e-06, 0.000663, 0.001165, -0.999999, 0.965999, -7.6e-05, 0.999999, 0.001165, 0.739707, 0.0, 0.0, 0.0, 1.0],
                [1.0, 1.9e-05, 0.000167, -5e-06, 0.000167, 0.000294, -1.0, 0.96575, -1.9e-05, 1.0, 0.000294, 0.740043, 0.0, 0.0, 0.0, 1.0],
                [1.0, -0.0, -0.0, -5e-06, 0.0, 0.0, -1.0, 0.965666, 0.0, 1.0, 0.0, 0.740156, 0.0, 0.0, 0.0, 1.0]
            ]
        },
        {
            "name": "Thigh_R",
            "time": [0.0, 0.0167, 0.0333, 0.05, 0.0667, 0.0833, 0.1, 0.1167, 0.1333, 0.15, 0.1667, 0.1833, 0.2, 0.2167, 0.2333, 0.25, 0.2667, 0.2833, 0.3, 0.3167, 0.3333, 0.35, 0.3667, 0.3833, 0.4, 0.4167, 0.4333, 0.45, 0.4667, 0.4833, 0.5, 0.5167, 0.5333, 0.55, 0.5667, 0.5833, 0.6, 0.6167, 0.6333, 0.65, 0.6667, 0.6833, 0.7, 0.7167, 0.7333, 0.75, 0.7667, 0.7833, 0.8, 0.8167, 0.8333, 0.85, 0.8667, 0.8833, 0.9, 0.9167, 0.9333, 0.95, 0.9667, 0.9833, 1.0, 1.0167, 1.0333, 1.05, 1.0667, 1.0833, 1.1, 1.1167, 1.1333, 1.15, 1.1667, 1.1833, 1.2, 1.2167, 1.2333, 1.25, 1.2667, 1.2833, 1.3, 1.3167, 1.3333, 1.35, 1.3667, 1.3833, 1.4, 1.4167, 1.4333, 1.45, 1.4667, 1.4833, 1.5, 1.5167, 1.5333, 1.55, 1.5667, 1.5833, 1.6, 1.6167, 1.6333, 1.65, 1.6667, 1.6833, 1.7, 1.7167, 1.7333, 1.75, 1.7667, 1.7833, 1.8, 1.8167, 1.8333, 1.85, 1.8667, 1.8833, 1.9, 1.9167, 1.9333, 1.95, 1.9667, 1.9833, 2.0],
            "transform": [
                [0.760343, 0.272806, 0.589454, 0.109634, 0.238952, -0.961359, 0.136702, 0.005804, 0.60397, 0.036911, -0.796152, 0.042314, 0.0, 0.0, 0.0, 1.0],
                [0.755801, 0.304286, 0.579805, 0.109632, 0.229612, -0.952401, 0.20052, 0.005722, 0.613223, -0.018423, -0.789695, 0.042253, 0.0, 0.0, 0.0, 1.0],
                [0.742924, 0.362462, 0.562748, 0.109627, 0.200955, -0.922696, 0.329009, 0.00548, 0.638499, -0.131341, -0.758333, 0.042073, 0.0, 0.0, 0.0, 1.0],
                [0.721077, 0.412387, 0.556763, 0.109619, 0.148696, -0.87696, 0.456976, 0.005086, 0.676711, -0.246726, -0.693678, 0.041781, 0.0, 0.0, 0.0, 1.0],
                [0.693804, 0.437068, 0.57237, 0.109608, 0.070901, -0.832369, 0.549665, 0.004545, 0.716665, -0.340778, -0.608491, 0.041383, 0.0, 0.0, 0.0, 1.0],
                [0.677024, 0.422346, 0.602713, 0.109595, -0.020306, -0.807913, 0.58895, 0.003865, 0.735681, -0.410971, -0.538401, 0.040886, 0.0, 0.0, 0.0, 1.0],
                [0.695693, 0.364806, 0.618811, 0.109579, -0.09586, -0.806593, 0.583281, 0.003051, 0.711914, -0.465103, -0.526173, 0.040294, 0.0, 0.0, 0.0, 1.0],
                [0.766744, 0.284745, 0.575347, 0.109563, -0.121339, -0.815803, 0.565455, 0.002111, 0.630381, -0.50337, -0.590963, 0.039615, 0.0, 0.0, 0.0, 1.0],
                [0.872374, 0.219601, 0.436735, 0.109545, -0.071784, -0.82618, 0.558812, 0.001051, 0.483538, -0.518843, -0.704976, 0.038854, 0.0, 0.0, 0.0, 1.0],
                [0.963741, 0.157544, 0.215368, 0.109526, 0.00929, -0.826424, 0.56297, -0.000123, 0.266678, -0.540556, -0.797924, 0.038019, 0.0, 0.0, 0.0, 1.0],
                [0.99789, 0.009073, -0.064289, 0.109507, 0.045048, -0.809821, 0.584943, -0.001403, -0.046755, -0.586603, -0.808523, 0.037114, 0.0, 0.0, 0.0, 1.0],
                [0.923382, -0.283059, -0.25931, 0.109488, -0.042443, -0.746633, 0.66388, -0.002784, -0.381527, -0.602008, -0.701443, 0.036146, 0.0, 0.0, 0.0, 1.0],
                [-0.430229, 0.617315, 0.658653, 0.109469, 0.216564, -0.637742, 0.739178, -0.004259, 0.876358, 0.460655, 0.140687, 0.035122, 0.0, 0.0, 0.0, 1.0],
                [0.138135, 0.588445, 0.79665, 0.109452, 0.256534, -0.798167, 0.545086, -0.005821, 0.956613, 0.129072, -0.261212, 0.034047, 0.0, 0.0, 0.0, 1.0],
                [0.622788, 0.450613, 0.639594, 0.109435, 0.193767, -0.880853, 0.431914, -0.007463, 0.758016, -0.145059, -0.6359, 0.032927, 0.0, 0.0, 0.0, 1.0],
                [0.91267, 0.313119, 0.262656, 0.10942, 0.172603, -0.877849, 0.446753, -0.00918, 0.370459, -0.362402, -0.855234, 0.03177, 0.0, 0.0, 0.0, 1.0],
                [0.700616, 0.69846, 0.145909, 0.109406, 0.43904, -0.583174, 0.683485, -0.010964, 0.562478, -0.4148, -0.715234, 0.03058, 0.0, 0.0, 0.0, 1.0],
                [0.004771, 0.979687, 0.200465, 0.109395, -0.025636, -0.200281, 0.979403, -0.012808, 0.999659, -0.009812, 0.02416, 0.029364, 0.0, 0.0, 0.0, 1.0],
                [0.382666, 0.884137, 0.268078, 0.109387, -0.111124, -0.24401, 0.963385, -0.014707, 0.917179, -0.398444, 0.004874, 0.028129, 0.0, 0.0, 0.0, 1.0],
                [0.60806, 0.726822, 0.319362, 0.109382, -0.105155, -0.324993, 0.939852, -0.016654, 0.786896, -0.605068, -0.121186, 0.02688, 0.0, 0.0, 0.0, 1.0],
                [0.681758, 0.653315, 0.329218, 0.10938, -0.099974, -0.362589, 0.926572, -0.018643, 0.724714, -0.664609, -0.181884, 0.025624, 0.0, 0.0, 0.0, 1.0],
                [0.690595, 0.651223, 0.314618, 0.109431, -0.1084, -0.336897, 0.935281, -0.020664, 0.715071, -0.680004, -0.162067, 0.024366, 0.0, 0.0, 0.0, 1.0],
                [0.698341, 0.649958, 0.299786, 0.109579, -0.11465, -0.311849, 0.943189, -0.022707, 0.706522, -0.693037, -0.14326, 0.023114, 0.0, 0.0, 0.0, 1.0],
                [0.705081, 0.649433, 0.284775, 0.109812, -0.118953, -0.287576, 0.950343, -0.024757, 0.699079, -0.703942, -0.125513, 0.021873, 0.0, 0.0, 0.0, 1.0],
                [0.710888, 0.64956, 0.269644, 0.11012, -0.121523, -0.264181, 0.956787, -0.026802, 0.692726, -0.712935, -0.108866, 0.020651, 0.0, 0.0, 0.0, 1.0],
                [0.715833, 0.650252, 0.254467, 0.110493, -0.122566, -0.241758, 0.962565, -0.028827, 0.68743, -0.720224, -0.09336, 0.019452, 0.0, 0.0, 0.0, 1.0],
                [0.719981, 0.65142, 0.239325, 0.110918, -0.122275, -0.220385, 0.967719, -0.030819, 0.683136, -0.726001, -0.079021, 0.018285, 0.0, 0.0, 0.0, 1.0],
                [0.723394, 0.652982, 0.224307, 0.111386, -0.120833, -0.20013, 0.97229, -0.032765, 0.679779, -0.730451, -0.065871, 0.017155, 0.0, 0.0, 0.0, 1.0],
                [0.726132, 0.654853, 0.209516, 0.111886, -0.118422, -0.181054, 0.976318, -0.034651, 0.677279, -0.733746, -0.053921, 0.016068, 0.0, 0.0, 0.0, 1.0],
                [0.728258, 0.656955, 0.19506, 0.112408, -0.115211, -0.163213, 0.979841, -0.036464, 0.675549, -0.736049, -0.043173, 0.015032, 0.0, 0.0, 0.0, 1.0],
                [0.729834, 0.659209, 0.181059, 0.11294, -0.111372, -0.146659, 0.982898, -0.03819, 0.67449, -0.737516, -0.033619, 0.014052, 0.0, 0.0, 0.0, 1.0],
                [0.730928, 0.661542, 0.167642, 0.113473, -0.107071, -0.131442, 0.985525, -0.039815, 0.674002, -0.738296, -0.025243, 0.013135, 0.0, 0.0, 0.0, 1.0],
                [0.73161, 0.66388, 0.154946, 0.113994, -0.102474, -0.117608, 0.987759, -0.041327, 0.673977, -0.738531, -0.018013, 0.012287, 0.0, 0.0, 0.0, 1.0],
                [0.731955, 0.666152, 0.143114, 0.114495, -0.097746, -0.105208, 0.989635, -0.042711, 0.674305, -0.738356, -0.011894, 0.011515, 0.0, 0.0, 0.0, 1.0],
                [0.732044, 0.668287, 0.132298, 0.114963, -0.093052, -0.094291, 0.991187, -0.043955, 0.674872, -0.737901, -0.00684, 0.010825, 0.0, 0.0, 0.0, 1.0],
                [0.731961, 0.670215, 0.122653, 0.115388, -0.088559, -0.084904, 0.992446, -0.045044, 0.675567, -0.737292, -0.002793, 0.010223, 0.0, 0.0, 0.0, 1.0],
                [0.731795, 0.671864, 0.114339, 0.11576, -0.084434, -0.0771, 0.993442, -0.045966, 0.676274, -0.736649, 0.000306, 0.009717, 0.0, 0.0, 0.0, 1.0],
                [0.73164, 0.673158, 0.107518, 0.116068, -0.080843, -0.070929, 0.9942, -0.046706, 0.67688, -0.736087, 0.002526, 0.009312, 0.0, 0.0, 0.0, 1.0],
                [0.731588, 0.674018, 0.102353, 0.116302, -0.077955, -0.066442, 0.99474, -0.047252, 0.677275, -0.735718, 0.003935, 0.009015, 0.0, 0.0, 0.0, 1.0],
                [0.731735, 0.674359, 0.099007, 0.116449, -0.075938, -0.063694, 0.995076, -0.047589, 0.677345, -0.735649, 0.004603, 0.008832, 0.0, 0.0, 0.0, 1.0],
                [0.732171, 0.674085, 0.097639, 0.116501, -0.07496, -0.062734, 0.995211, -0.047704, 0.676983, -0.735982, 0.004597, 0.008769, 0.0, 0.0, 0.0, 1.0],
                [0.732855, 0.673272, 0.098118, 0.116421, -0.074642, -0.063781, 0.995169, -0.047341, 0.676278, -0.736637, 0.003512, 0.008891, 0.0, 0.0, 0.0, 1.0],
                [0.733692, 0.672065, 0.10011, 0.116193, -0.074488, -0.066892, 0.994977, -0.046299, 0.675386, -0.737462, 0.000983, 0.009246, 0.0, 0.0, 0.0, 1.0],
                [0.734688, 0.670466, 0.103478, 0.115833, -0.07448, -0.071893, 0.994628, -0.044656, 0.674304, -0.738447, -0.002882, 0.009818, 0.0, 0.0, 0.0, 1.0],
                [0.735846, 0.668466, 0.108082, 0.115358, -0.074601, -0.078614, 0.99411, -0.042485, 0.673026, -0.739574, -0.00798, 0.010591, 0.0, 0.0, 0.0, 1.0],
                [0.737171, 0.666055, 0.113788, 0.114784, -0.074831, -0.086891, 0.993404, -0.039863, 0.671549, -0.740822, -0.014212, 0.011549, 0.0, 0.0, 0.0, 1.0],
                [0.738666, 0.663221, 0.120458, 0.114127, -0.075152, -0.09656, 0.992487, -0.036865, 0.669869, -0.742167, -0.021484, 0.012677, 0.0, 0.0, 0.0, 1.0],
                [0.740333, 0.659949, 0.127955, 0.113404, -0.075545, -0.107458, 0.991336, -0.033567, 0.667981, -0.743583, -0.029699, 0.013958, 0.0, 0.0, 0.0, 1.0],
                [0.742176, 0.65623, 0.136141, 0.112632, -0.075993, -0.119423, 0.989931, -0.030042, 0.665882, -0.745048, -0.038764, 0.015376, 0.0, 0.0, 0.0, 1.0],
                [0.744197, 0.652057, 0.144877, 0.111827, -0.076479, -0.13229, 0.988256, -0.026368, 0.663566, -0.746537, -0.048581, 0.016916, 0.0, 0.0, 0.0, 1.0],
                [0.7464, 0.647427, 0.154023, 0.111006, -0.076984, -0.145886, 0.986302, -0.022619, 0.661029, -0.748031, -0.059048, 0.018561, 0.0, 0.0, 0.0, 1.0],
                [0.748786, 0.642345, 0.163435, 0.110184, -0.077495, -0.160042, 0.984064, -0.01887, 0.658266, -0.749517, -0.070059, 0.020296, 0.0, 0.0, 0.0, 1.0],
                [0.751358, 0.636823, 0.172966, 0.109379, -0.077995, -0.174573, 0.981551, -0.015197, 0.65527, -0.750984, -0.081498, 0.022105, 0.0, 0.0, 0.0, 1.0],
                [0.754117, 0.630881, 0.18247, 0.108607, -0.078471, -0.189292, 0.97878, -0.011676, 0.652035, -0.752432, -0.093243, 0.023971, 0.0, 0.0, 0.0, 1.0],
                [0.757067, 0.624551, 0.191793, 0.107884, -0.078911, -0.203998, 0.975786, -0.00838, 0.648554, -0.753869, -0.105157, 0.025879, 0.0, 0.0, 0.0, 1.0],
                [0.760209, 0.617875, 0.200778, 0.107227, -0.079303, -0.218478, 0.972614, -0.005387, 0.64482, -0.755311, -0.117091, 0.027813, 0.0, 0.0, 0.0, 1.0],
                [0.763544, 0.610907, 0.209264, 0.106653, -0.079636, -0.232506, 0.96933, -0.002771, 0.640826, -0.75679, -0.128879, 0.029757, 0.0, 0.0, 0.0, 1.0],
                [0.767075, 0.603713, 0.217085, 0.106178, -0.079901, -0.245838, 0.966012, -0.000607, 0.636563, -0.758347, -0.140339, 0.031695, 0.0, 0.0, 0.0, 1.0],
                [0.7708, 0.59637, 0.224072, 0.105818, -0.080092, -0.258216, 0.962762, 0.001029, 0.632022, -0.760042, -0.151268, 0.033611, 0.0, 0.0, 0.0, 1.0],
                [0.774721, 0.588966, 0.230052, 0.10559, -0.080201, -0.269362, 0.959694, 0.002061, 0.627195, -0.761944, -0.161445, 0.035489, 0.0, 0.0, 0.0, 1.0],
                [0.778837, 0.581596, 0.234854, 0.10551, -0.080223, -0.27899, 0.956937, 0.002416, 0.622074, -0.764138, -0.170632, 0.037313, 0.0, 0.0, 0.0, 1.0],
                [0.783015, 0.574506, 0.238386, 0.105533, -0.080496, -0.286437, 0.954712, 0.002406, 0.616771, -0.766742, -0.17804, 0.039075, 0.0, 0.0, 0.0, 1.0],
                [0.787112, 0.567877, 0.240769, 0.105602, -0.081314, -0.291404, 0.953138, 0.002395, 0.611426, -0.769803, -0.183192, 0.040778, 0.0, 0.0, 0.0, 1.0],
                [0.79111, 0.561662, 0.242239, 0.105715, -0.082604, -0.294296, 0.952138, 0.002383, 0.60607, -0.773254, -0.186426, 0.042424, 0.0, 0.0, 0.0, 1.0],
                [0.79499, 0.555782, 0.243097, 0.10587, -0.084285, -0.29565, 0.951571, 0.002372, 0.600739, -0.776977, -0.188195, 0.044013, 0.0, 0.0, 0.0, 1.0],
                [0.798733, 0.550138, 0.243664, 0.106066, -0.086273, -0.296068, 0.951263, 0.00236, 0.595468, -0.780825, -0.189018, 0.045546, 0.0, 0.0, 0.0, 1.0],
                [0.802322, 0.544633, 0.24424, 0.106301, -0.088478, -0.296148, 0.951035, 0.002347, 0.590297, -0.784645, -0.189419, 0.047024, 0.0, 0.0, 0.0, 1.0],
                [0.805742, 0.53918, 0.245078, 0.106574, -0.090803, -0.296445, 0.950724, 0.002335, 0.585264, -0.78829, -0.1899, 0.048449, 0.0, 0.0, 0.0, 1.0],
                [0.808979, 0.533713, 0.246376, 0.106882, -0.093148, -0.297441, 0.950186, 0.002322, 0.580409, -0.791629, -0.19091, 0.049821, 0.0, 0.0, 0.0, 1.0],
                [0.812027, 0.528178, 0.248273, 0.107226, -0.095409, -0.29954, 0.949301, 0.002309, 0.575768, -0.794544, -0.192842, 0.051141, 0.0, 0.0, 0.0, 1.0],
                [0.814879, 0.522538, 0.250849, 0.107602, -0.097476, -0.30307, 0.94797, 0.002295, 0.571376, -0.796931, -0.196031, 0.05241, 0.0, 0.0, 0.0, 1.0],
                [0.817536, 0.516765, 0.254142, 0.10801, -0.09924, -0.308286, 0.946103, 0.002281, 0.567262, -0.798693, -0.200752, 0.05363, 0.0, 0.0, 0.0, 1.0],
                [0.820002, 0.51084, 0.258144, 0.108448, -0.100587, -0.315377, 0.943621, 0.002267, 0.563453, -0.799735, -0.207227, 0.0548, 0.0, 0.0, 0.0, 1.0],
                [0.822285, 0.50475, 0.262819, 0.108913, -0.101408, -0.324476, 0.940442, 0.002253, 0.559967, -0.799962, -0.215627, 0.055923, 0.0, 0.0, 0.0, 1.0],
                [0.824398, 0.498486, 0.268105, 0.109406, -0.101594, -0.335662, 0.936488, 0.002239, 0.556819, -0.799275, -0.226076, 0.057, 0.0, 0.0, 0.0, 1.0],
                [0.826353, 0.492042, 0.273923, 0.109923, -0.101043, -0.348971, 0.93167, 0.002224, 0.554013, -0.797565, -0.238656, 0.05803, 0.0, 0.0, 0.0, 1.0],
                [0.828167, 0.48542, 0.280187, 0.110464, -0.099659, -0.364402, 0.925894, 0.00221, 0.551549, -0.794716, -0.25341, 0.059016, 0.0, 0.0, 0.0, 1.0],
                [0.829857, 0.478622, 0.286805, 0.111028, -0.097356, -0.381922, 0.919052, 0.002195, 0.549416, -0.790603, -0.270345, 0.059957, 0.0, 0.0, 0.0, 1.0],
                [0.831438, 0.471649, 0.293695, 0.111611, -0.094061, -0.401477, 0.911026, 0.00218, 0.547597, -0.785086, -0.28944, 0.060856, 0.0, 0.0, 0.0, 1.0],
                [0.832923, 0.464507, 0.300784, 0.112213, -0.089714, -0.422997, 0.901679, 0.002165, 0.546067, -0.778013, -0.310652, 0.061714, 0.0, 0.0, 0.0, 1.0],
                [0.834323, 0.457192, 0.308026, 0.112833, -0.084271, -0.446411, 0.890851, 0.00215, 0.544797, -0.769214, -0.333923, 0.06253, 0.0, 0.0, 0.0, 1.0],
                [0.835538, 0.449077, 0.316552, 0.113468, -0.078475, -0.472694, 0.877725, 0.002135, 0.543799, -0.758213, -0.359713, 0.063307, 0.0, 0.0, 0.0, 1.0],
                [0.836461, 0.439594, 0.327244, 0.114118, -0.073041, -0.502379, 0.861557, 0.00212, 0.543136, -0.74456, -0.388113, 0.064044, 0.0, 0.0, 0.0, 1.0],
                [0.837088, 0.428799, 0.339728, 0.11478, -0.067885, -0.534778, 0.842261, 0.002105, 0.54284, -0.728107, -0.418548, 0.064744, 0.0, 0.0, 0.0, 1.0],
                [0.837413, 0.416724, 0.353666, 0.115452, -0.062919, -0.569262, 0.819744, 0.00209, 0.542937, -0.708715, -0.450488, 0.065407, 0.0, 0.0, 0.0, 1.0],
                [0.837435, 0.403394, 0.368749, 0.116135, -0.05805, -0.605231, 0.79393, 0.002075, 0.543445, -0.686269, -0.483425, 0.066035, 0.0, 0.0, 0.0, 1.0],
                [0.837152, 0.38883, 0.38469, 0.116825, -0.053184, -0.642113, 0.764762, 0.00206, 0.544377, -0.660681, -0.516868, 0.066627, 0.0, 0.0, 0.0, 1.0],
                [0.836567, 0.373062, 0.401224, 0.117522, -0.048226, -0.679352, 0.732225, 0.002045, 0.545738, -0.631904, -0.550333, 0.067185, 0.0, 0.0, 0.0, 1.0],
                [0.835681, 0.356143, 0.418091, 0.118223, -0.043081, -0.716396, 0.696362, 0.002031, 0.547523, -0.599947, -0.583337, 0.067711, 0.0, 0.0, 0.0, 1.0],
                [0.834499, 0.338158, 0.43504, 0.118927, -0.037651, -0.752693, 0.657293, 0.002016, 0.549721, -0.564889, -0.615391, 0.068205, 0.0, 0.0, 0.0, 1.0],
                [0.83303, 0.31925, 0.451819, 0.119633, -0.031836, -0.787678, 0.615263, 0.002002, 0.552311, -0.526916, -0.645997, 0.068668, 0.0, 0.0, 0.0, 1.0],
                [0.831284, 0.299655, 0.468159, 0.120339, -0.025535, -0.820766, 0.570691, 0.001987, 0.55526, -0.48636, -0.67464, 0.069101, 0.0, 0.0, 0.0, 1.0],
                [0.829276, 0.279766, 0.483768, 0.121043, -0.01864, -0.851336, 0.524287, 0.001973, 0.558527, -0.443795, -0.70078, 0.069505, 0.0, 0.0, 0.0, 1.0],
                [0.827026, 0.260245, 0.498296, 0.121744, -0.011038, -0.878702, 0.47724, 0.001959, 0.562054, -0.400189, -0.723839, 0.069882, 0.0, 0.0, 0.0, 1.0],
                [0.824559, 0.242208, 0.511309, 0.122441, -0.002606, -0.902094, 0.431528, 0.001945, 0.565769, -0.357152, -0.743201, 0.070231, 0.0, 0.0, 0.0, 1.0],
                [0.821906, 0.227446, 0.522243, 0.123131, 0.006788, -0.920667, 0.390286, 0.001932, 0.569582, -0.317233, -0.758248, 0.070555, 0.0, 0.0, 0.0, 1.0],
                [0.819089, 0.216438, 0.531269, 0.123813, 0.017208, -0.934947, 0.354366, 0.001919, 0.573407, -0.281115, -0.769531, 0.070854, 0.0, 0.0, 0.0, 1.0],
                [0.816104, 0.208212, 0.539094, 0.124486, 0.028588, -0.946243, 0.322187, 0.001907, 0.577197, -0.247526, -0.778186, 0.071129, 0.0, 0.0, 0.0, 1.0],
                [0.812949, 0.203019, 0.5458, 0.125148, 0.040868, -0.954838, 0.294296, 0.001894, 0.580899, -0.216941, -0.784534, 0.07138, 0.0, 0.0, 0.0, 1.0],
                [0.809627, 0.200686, 0.55157, 0.125798, 0.053983, -0.961206, 0.270491, 0.001882, 0.584457, -0.189222, -0.789054, 0.07161, 0.0, 0.0, 0.0, 1.0],
                [0.806142, 0.200836, 0.556597, 0.126433, 0.067858, -0.965809, 0.250211, 0.00187, 0.587818, -0.163935, -0.792209, 0.07182, 0.0, 0.0, 0.0, 1.0],
                [0.8025, 0.202998, 0.561057, 0.127052, 0.082411, -0.96904, 0.232737, 0.001858, 0.590932, -0.140533, -0.794386, 0.072009, 0.0, 0.0, 0.0, 1.0],
                [0.798713, 0.206511, 0.565164, 0.127655, 0.097549, -0.971274, 0.217045, 0.001847, 0.593751, -0.118226, -0.795916, 0.072179, 0.0, 0.0, 0.0, 1.0],
                [0.794796, 0.210956, 0.569031, 0.128238, 0.113165, -0.97271, 0.202549, 0.001837, 0.596232, -0.09659, -0.796981, 0.072331, 0.0, 0.0, 0.0, 1.0],
                [0.790768, 0.215944, 0.57276, 0.128801, 0.129145, -0.973498, 0.188732, 0.001826, 0.598337, -0.075274, -0.797702, 0.072467, 0.0, 0.0, 0.0, 1.0],
                [0.786653, 0.221185, 0.576416, 0.129342, 0.145362, -0.973729, 0.175264, 0.001817, 0.600039, -0.054083, -0.798141, 0.072587, 0.0, 0.0, 0.0, 1.0],
                [0.78248, 0.22645, 0.58004, 0.12986, 0.161679, -0.973464, 0.16194, 0.001807, 0.60132, -0.032935, -0.79833, 0.072691, 0.0, 0.0, 0.0, 1.0],
                [0.778282, 0.231576, 0.583652, 0.130352, 0.177947, -0.972743, 0.148669, 0.001799, 0.602172, -0.011847, -0.798278, 0.072782, 0.0, 0.0, 0.0, 1.0],
                [0.7741, 0.236442, 0.587252, 0.130818, 0.194014, -0.971602, 0.135448, 0.001791, 0.602601, 0.009084, -0.797991, 0.07286, 0.0, 0.0, 0.0, 1.0],
                [0.769975, 0.240963, 0.590825, 0.131256, 0.209716, -0.970078, 0.122333, 0.001783, 0.602625, 0.029712, -0.797471, 0.072926, 0.0, 0.0, 0.0, 1.0],
                [0.765957, 0.245087, 0.594342, 0.131664, 0.224889, -0.968218, 0.109436, 0.001776, 0.602274, 0.049838, -0.796732, 0.072981, 0.0, 0.0, 0.0, 1.0],
                [0.762094, 0.248777, 0.597765, 0.13204, 0.239366, -0.966081, 0.096895, 0.001769, 0.601595, 0.069241, -0.795795, 0.073025, 0.0, 0.0, 0.0, 1.0],
                [0.758438, 0.252024, 0.601045, 0.132383, 0.252977, -0.963739, 0.084883, 0.001763, 0.600644, 0.087672, -0.794695, 0.073061, 0.0, 0.0, 0.0, 1.0],
                [0.755044, 0.254828, 0.604129, 0.132692, 0.265557, -0.961281, 0.073585, 0.001758, 0.599489, 0.104871, -0.793482, 0.073089, 0.0, 0.0, 0.0, 1.0],
                [0.751963, 0.257208, 0.606956, 0.132965, 0.276943, -0.958803, 0.063204, 0.001753, 0.598209, 0.120565, -0.792219, 0.07311, 0.0, 0.0, 0.0, 1.0],
                [0.749247, 0.259188, 0.609468, 0.1332, 0.286975, -0.956416, 0.053945, 0.001749, 0.596887, 0.134484, -0.790974, 0.073126, 0.0, 0.0, 0.0, 1.0],
                [0.746944, 0.260796, 0.611605, 0.133396, 0.2955, -0.954232, 0.046009, 0.001746, 0.595613, 0.146363, -0.789825, 0.073136, 0.0, 0.0, 0.0, 1.0],
                [0.745096, 0.262056, 0.613317, 0.133551, 0.30237, -0.952367, 0.039588, 0.001743, 0.594478, 0.155951, -0.788844, 0.073142, 0.0, 0.0, 0.0, 1.0],
