{
    "animation": [
        {
            "name": "Root",
            "time": [0.0333, 0.1667, 0.4, 0.55, 0.7333, 0.8833, 1.1833, 1.5],
            "transform": [
                [0.462238, 0.153061, -0.873446, -0.081178, -0.869831, 0.269789, -0.413047, 1.977279, 0.172425, 0.950677, 0.257844, 0.553072, 0.0, 0.0, 0.0, 1.0],
                [0.462238, 0.153061, -0.873446, -0.029007, -0.869831, 0.269789, -0.413047, 1.847781, 0.172425, 0.950677, 0.257844, 0.693351, 0.0, 0.0, 0.0, 1.0],
                [0.462238, 0.153061, -0.873446, 0.051542, -0.869831, 0.269789, -0.413047, 2.1914, 0.172425, 0.950677, 0.257844, 0.675857, 0.0, 0.0, 0.0, 1.0],
                [0.462238, 0.153061, -0.873446, 0.077445, -0.869831, 0.269789, -0.413047, 2.756604, 0.172425, 0.950677, 0.257844, 0.363221, 0.0, 0.0, 0.0, 1.0],
                [0.462238, 0.153061, -0.873446, 0.068933, -0.869831, 0.269789, -0.413047, 2.345719, 0.172425, 0.950677, 0.257844, 0.404424, 0.0, 0.0, 0.0, 1.0],
                [0.462238, 0.153061, -0.873446, 0.074118, -0.869831, 0.269789, -0.413047, 2.122695, 0.172425, 0.950677, 0.257844, 0.404934, 0.0, 0.0, 0.0, 1.0],
                [0.826886, 0.04617, -0.560471, 0.048206, -0.559307, 0.171383, -0.811051, 2.599484, 0.058608, 0.984122, 0.167537, 0.746886, 0.0, 0.0, 0.0, 1.0],
                [0.999999, -1.1e-05, -0.00102, 0.021524, -0.00102, 0.000309, -0.999999, 2.322742, 1.1e-05, 1.0, 0.000309, 0.751518, 0.0, 0.0, 0.0, 1.0]
            ]
        },
        {
            "name": "Thigh_R",
            "time": [0.0333, 0.1667, 0.4, 0.55, 0.7333, 0.8833, 1.1833, 1.5],
            "transform": [
                [0.974456, -0.042059, -0.220604, 0.107709, 0.205973, -0.224098, 0.952552, 0.03209, -0.0895, -0.973657, -0.209712, -0.055858, 0.0, 0.0, 0.0, 1.0],
                [0.981692, 0.107216, -0.157431, 0.107709, 0.190432, -0.535191, 0.822986, 0.03209, 0.003981, -0.837897, -0.545811, -0.055858, 0.0, 0.0, 0.0, 1.0],
                [0.726635, -0.195324, -0.658673, 0.107709, 0.418534, -0.634438, 0.649858, 0.03209, -0.544821, -0.747885, -0.379256, -0.055858, 0.0, 0.0, 0.0, 1.0],
                [0.096258, -0.946631, -0.307603, -0.094054, 0.741873, -0.1378, 0.656228, 0.062848, -0.663595, -0.291369, 0.689018, -0.034344, 0.0, 0.0, 0.0, 1.0],
                [0.055885, -0.969876, -0.237096, -0.110703, 0.770225, -0.109224, 0.62835, 0.065387, -0.635319, -0.217732, 0.74092, -0.032568, 0.0, 0.0, 0.0, 1.0],
                [0.055867, -0.969891, -0.237039, -0.110716, 0.770244, -0.109195, 0.628332, 0.065389, -0.635298, -0.217681, 0.740954, -0.032567, 0.0, 0.0, 0.0, 1.0],
                [0.99859, -0.013137, -0.051426, 0.116112, -0.010539, -0.998668, 0.050469, -0.00026, -0.05202, -0.049856, -0.997401, -0.001239, 0.0, 0.0, 0.0, 1.0],
                [1.0, -0.0, -0.0, 0.124994, 0.0, -0.999998, 1e-06, -0.002831, -0.0, -0.0, -1.0, -1.2e-05, 0.0, 0.0, 0.0, 1.0]
            ]
        },
        {
            "name": "Leg_R",
            "time": [0.0333, 0.1667, 0.4, 0.55, 0.7333, 0.8833, 1.1833, 1.5],
            "transform": [
                [1.0, -0.0, 1e-06, -0.0, -0.0, 0.945956, 0.324297, 0.37472, -1e-06, -0.324298, 0.945954, 0.0, 0.0, 0.0, 0.0, 1.0],
                [1.0, -0.0, 1e-06, -0.0, -0.0, 0.814905, 0.579595, 0.37472, -1e-06, -0.579595, 0.814904, 0.0, 0.0, 0.0, 0.0, 1.0],
                [1.0, -0.0, 1e-06, 0.0, -0.0, 0.837875, 0.545862, 0.37472, -1e-06, -0.545863, 0.837874, -0.0, 0.0, 0.0, 0.0, 1.0],
                [1.0, -0.0, 1e-06, 0.0, -0.0, 0.535199, 0.844726, 0.37472, -1e-06, -0.844727, 0.535198, 0.0, 0.0, 0.0, 0.0, 1.0],
                [1.0, 0.0, 1e-06, 0.0, -0.0, 0.990801, 0.135335, 0.374721, -1e-06, -0.135335, 0.990799, -0.0, 0.0, 0.0, 0.0, 1.0],
                [1.0, 0.0, 1e-06, 0.0, -0.0, 0.999629, -0.027252, 0.37472, -1e-06, 0.027253, 0.999628, 0.0, 0.0, 0.0, 0.0, 1.0],
                [1.0, 0.0, 1e-06, 0.0, -0.0, 0.999847, -0.017537, 0.37472, -1e-06, 0.017537, 0.999845, -0.0, 0.0, 0.0, 0.0, 1.0],
                [1.0, 0.0, 1e-06, -0.0, -0.0, 1.0, -0.000554, 0.37472, -1e-06, 0.000554, 0.999999, -0.0, 0.0, 0.0, 0.0, 1.0]
            ]
        },
        {
            "name": "Knee_R",
            "time": [0.0333, 0.1667, 0.4, 0.55, 0.7333, 0.8833, 1.1833, 1.5],
            "transform": [
                [1.0, 0.0, -0.0, -0.0, -0.0, 1e-06, -1.0, 0.37472, -0.0, 1.0, 1e-06, -0.0, 0.0, 0.0, 0.0, 1.0],
                [1.0, 0.0, -0.0, -0.0, -0.0, 1e-06, -1.0, 0.384661, -0.0, 1.0, 1e-06, 0.0, 0.0, 0.0, 0.0, 1.0],
                [1.0, 0.0, -0.0, 0.0, -0.0, 1e-06, -1.0, 0.380374, -0.0, 1.0, 1e-06, 0.0, 0.0, 0.0, 0.0, 1.0],
                [1.0, 0.0, -0.0, 0.0, -0.0, 1e-06, -1.0, 0.425398, -0.0, 1.0, 1e-06, -0.0, 0.0, 0.0, 0.0, 1.0],
                [1.0, 0.0, -0.0, 0.0, -0.0, 1e-06, -1.0, 0.374721, -0.0, 1.0, 1e-06, 0.0, 0.0, 0.0, 0.0, 1.0],
                [1.0, -0.0, -0.0, 0.0, -0.0, 1e-06, -1.0, 0.37472, -0.0, 1.0, 1e-06, -0.0, 0.0, 0.0, 0.0, 1.0],
                [1.0, 0.0, -0.0, 0.0, -0.0, 1e-06, -1.0, 0.37472, -0.0, 1.0, 1e-06, -1e-06, 0.0, 0.0, 0.0, 1.0],
                [1.0, 0.0, -0.0, 0.0, -0.0, 1e-06, -1.0, 0.37472, -0.0, 1.0, 1e-06, -1e-06, 0.0, 0.0, 0.0, 1.0]
            ]
        },
        {
            "name": "Thigh_L",
            "time": [0.0333, 0.1667, 0.4, 0.55, 0.7333, 0.8833, 1.1833, 1.5],
            "transform": [
                [0.57436, 0.269111, -0.773104, -0.113815, 0.035154, -0.951655, -0.305147, -0.029585, -0.817847, 0.148087, -0.556053, 0.042241, 0.0, 0.0, 0.0, 1.0],
                [-0.00519, -0.924893, -0.38019, -0.113815, -0.025836, -0.379944, 0.924648, -0.029585, -0.999652, 0.014622, -0.021924, 0.042241, 0.0, 0.0, 0.0, 1.0],
                [0.202403, -0.924524, -0.322934, -0.113815, 0.22393, -0.277329, 0.934314, -0.029585, -0.953356, -0.261423, 0.150896, 0.042241, 0.0, 0.0, 0.0, 1.0],
                [-0.679177, 0.694313, 0.238006, 0.097732, -0.324017, -0.574588, 0.751572, -0.059317, 0.658582, 0.433333, 0.615217, 0.010398, 0.0, 0.0, 0.0, 1.0],
                [-0.558497, 0.776969, -0.290515, 0.101461, -0.559275, -0.094054, 0.823628, -0.059841, 0.612611, 0.622472, 0.487068, 0.009836, 0.0, 0.0, 0.0, 1.0],
                [-0.558829, 0.775173, -0.294645, 0.101462, -0.560355, -0.091052, 0.823232, -0.059841, 0.61132, 0.625152, 0.485255, 0.009836, 0.0, 0.0, 0.0, 1.0],
                [-0.026457, -0.03564, -0.999014, -0.001701, -0.915057, -0.401476, 0.038556, -0.033871, -0.402454, 0.915175, -0.021991, 0.00535, 0.0, 0.0, 0.0, 1.0],
                [0.999998, -0.000975, -0.001439, -0.124783, -0.000976, -0.999998, -0.000898, -0.002887, -0.001438, 0.0009, -0.999998, -2e-06, 0.0, 0.0, 0.0, 1.0]
            ]
        },
        {
            "name": "Leg_L",
            "time": [0.0333, 0.1667, 0.4, 0.55, 0.7333, 0.8833, 1.1833, 1.5],
            "transform": [
                [1.0, -0.0, 1e-06, -0.0, -0.0, 0.76586, 0.643007, 0.37472, -1e-06, -0.643006, 0.765861, -0.0, 0.0, 0.0, 0.0, 1.0],
                [1.0, -1e-06, 1e-06, 0.0, -0.0, 0.428207, 0.903681, 0.37472, -1e-06, -0.903681, 0.428207, -0.0, 0.0, 0.0, 0.0, 1.0],
                [1.0, -0.0, 1e-06, -0.0, -0.0, 0.657321, 0.753611, 0.37472, -1e-06, -0.75361, 0.657322, -0.0, 0.0, 0.0, 0.0, 1.0],
                [1.0, 0.0, 1e-06, 0.0, -0.0, 0.999651, -0.026404, 0.37472, -1e-06, 0.026404, 0.999652, -0.0, 0.0, 0.0, 0.0, 1.0],
                [1.0, -1e-06, 0.0, -0.0, -0.0, 0.095952, 0.995386, 0.37472, -1e-06, -0.995386, 0.095952, 0.0, 0.0, 0.0, 0.0, 1.0],
                [1.0, -1e-06, -0.0, 0.0, -0.0, -0.454439, 0.890778, 0.37472, -1e-06, -0.890778, -0.454439, -0.0, 0.0, 0.0, 0.0, 1.0],
                [1.0, -0.0, 1e-06, -0.0, -0.0, 0.530417, 0.847737, 0.37472, -1e-06, -0.847737, 0.530418, 0.0, 0.0, 0.0, 0.0, 1.0],
                [1.0, 0.0, 1e-06, -0.0, -0.0, 0.999999, 0.001379, 0.37472, -1e-06, -0.001379, 0.999999, -0.0, 0.0, 0.0, 0.0, 1.0]
            ]
        },
        {
            "name": "Knee_L",
            "time": [0.0333, 0.1667, 0.4, 0.55, 0.7333, 0.8833, 1.1833, 1.5],
            "transform": [
                [1.0, 0.0, -0.0, 0.0, -0.0, 1e-06, -1.0, 0.393083, -0.0, 1.0, 1e-06, -0.0, 0.0, 0.0, 0.0, 1.0],
                [1.0, 0.0, -0.0, 0.0, -0.0, 1e-06, -1.0, 0.438238, -0.0, 1.0, 1e-06, -0.0, 0.0, 0.0, 0.0, 1.0],
                [1.0, 0.0, -0.0, 0.0, -0.0, 1e-06, -1.0, 0.409378, -0.0, 1.0, 1e-06, -0.0, 0.0, 0.0, 0.0, 1.0],
                [1.0, 0.0, -0.0, 0.0, -0.0, 1e-06, -1.0, 0.37472, -0.0, 1.0, 1e-06, -0.0, 0.0, 0.0, 0.0, 1.0],
                [1.0, 0.0, -0.0, 0.0, -0.0, 1e-06, -1.0, 0.474626, -0.0, 1.0, 1e-06, 0.0, 0.0, 0.0, 0.0, 1.0],
                [1.0, 0.0, -0.0, 0.0, -0.0, 1e-06, -1.0, 0.48472, -0.0, 1.0, 1e-06, -0.0, 0.0, 0.0, 0.0, 1.0],
                [1.0, 0.0, -0.0, 0.0, -0.0, 1e-06, -1.0, 0.425992, -0.0, 1.0, 1e-06, 0.0, 0.0, 0.0, 0.0, 1.0],
                [1.0, 0.0, -0.0, 0.0, -0.0, 1e-06, -1.0, 0.37472, -0.0, 1.0, 1e-06, -0.0, 0.0, 0.0, 0.0, 1.0]
            ]
        },
        {
            "name": "Torso",
            "time": [0.0333, 0.1667, 0.4, 0.55, 0.7333, 0.8833, 1.1833, 1.5],
            "transform": [
                [0.815255, 0.045918, 0.577278, 0.0, 0.120174, 0.961737, -0.246213, 0.05, -0.566496, 0.2701, 0.778543, -0.0, 0.0, 0.0, 0.0, 1.0],
                [0.815255, 0.045918, 0.577278, 0.0, 0.120174, 0.961737, -0.246213, 0.05, -0.566496, 0.2701, 0.778543, -0.0, 0.0, 0.0, 0.0, 1.0],
                [0.815255, 0.045918, 0.577278, 0.0, 0.120174, 0.961737, -0.246213, 0.05, -0.566496, 0.2701, 0.778543, 0.0, 0.0, 0.0, 0.0, 1.0],
                [-0.939875, 0.262288, 0.218727, -0.0, 0.318376, 0.904663, 0.283235, 0.05, -0.123585, 0.335843, -0.933776, -0.0, 0.0, 0.0, 0.0, 1.0],
                [-0.945818, 0.265017, 0.1876, 0.0, 0.311127, 0.904997, 0.29014, 0.05, -0.092885, 0.332787, -0.938416, -0.0, 0.0, 0.0, 0.0, 1.0],
                [-0.945818, 0.265017, 0.187599, 0.0, 0.311127, 0.904997, 0.29014, 0.05, -0.092885, 0.332787, -0.938417, -0.0, 0.0, 0.0, 0.0, 1.0],
                [-0.073786, -0.006228, 0.997255, -0.0, 0.313906, 0.949006, 0.029152, 0.05, -0.946583, 0.315195, -0.068068, -0.0, 0.0, 0.0, 0.0, 1.0],
                [0.999928, -0.002676, 0.011688, -0.0, 0.002563, 0.99995, 0.00967, 0.05, -0.011713, -0.009639, 0.999885, -0.0, 0.0, 0.0, 0.0, 1.0]
            ]
        },
        {
            "name": "Chest",
            "time": [0.0333, 0.1667, 0.4, 0.55, 0.7333, 0.8833, 1.1833, 1.5],
            "transform": [
                [0.608507, 0.34648, -0.713912, 0.0, 0.284627, 0.744489, 0.603924, 0.3, 0.740747, -0.570691, 0.354409, -0.0, 0.0, 0.0, 0.0, 1.0],
                [0.676199, 0.207005, -0.707039, -0.0, 0.14318, 0.904488, 0.401748, 0.3, 0.722672, -0.372896, 0.581975, 0.0, 0.0, 0.0, 0.0, 1.0],
                [0.924631, 0.028872, 0.379769, 0.0, 0.098074, 0.945447, -0.310662, 0.3, -0.368021, 0.324493, 0.871358, 0.0, 0.0, 0.0, 0.0, 1.0],
                [0.376686, 0.789367, -0.484776, 0.0, 0.064247, 0.499801, 0.863754, 0.3, 0.92411, -0.356509, 0.137553, -0.0, 0.0, 0.0, 0.0, 1.0],
                [0.751019, -0.227186, 0.619966, -0.0, -0.121437, 0.8754, 0.467897, 0.3, -0.649017, -0.426686, 0.629853, 0.0, 0.0, 0.0, 0.0, 1.0],
                [-0.107733, 0.145748, 0.983438, -0.0, -0.182009, 0.969586, -0.163634, 0.3, -0.977377, -0.196624, -0.077929, -0.0, 0.0, 0.0, 0.0, 1.0],
                [0.603461, 0.132613, 0.786288, -0.0, -0.135155, 0.988817, -0.063042, 0.3, -0.785855, -0.068228, 0.614636, 0.0, 0.0, 0.0, 0.0, 1.0],
                [0.999999, 0.000247, 0.001448, 0.0, -0.000247, 1.0, 7e-06, 0.3, -0.001448, -7e-06, 0.999999, 0.0, 0.0, 0.0, 0.0, 1.0]
            ]
        },
        {
            "name": "Head",
            "time": [0.0333, 0.1667, 0.4, 0.55, 0.7333, 0.8833, 1.1833, 1.5],
            "transform": [
                [0.718783, 0.190752, 0.668554, -0.0, -0.049323, 0.973192, -0.224642, 0.4, -0.693483, 0.128494, 0.708922, -0.0, 0.0, 0.0, 0.0, 1.0],
                [0.459643, 0.268115, 0.846666, -0.0, -0.050561, 0.959695, -0.276459, 0.4, -0.886664, 0.084264, 0.454673, 0.0, 0.0, 0.0, 0.0, 1.0],
                [0.986474, 0.125039, 0.105996, -0.0, -0.148921, 0.953852, 0.260748, 0.4, -0.068501, -0.273006, 0.95957, 0.0, 0.0, 0.0, 0.0, 1.0],
                [0.987097, 0.125308, 0.099686, 0.0, -0.147673, 0.953094, 0.264205, 0.4, -0.061903, -0.275517, 0.959301, -0.0, 0.0, 0.0, 0.0, 1.0],
                [0.987097, 0.125308, 0.099686, 0.0, -0.147673, 0.953094, 0.264205, 0.4, -0.061903, -0.275517, 0.959301, 0.0, 0.0, 0.0, 0.0, 1.0],
                [0.987097, 0.125308, 0.099686, 0.0, -0.147673, 0.953094, 0.264205, 0.4, -0.061903, -0.275517, 0.959301, -0.0, 0.0, 0.0, 0.0, 1.0],
                [0.996151, 0.071885, 0.050162, -0.0, -0.078557, 0.986007, 0.147034, 0.4, -0.03889, -0.150409, 0.987859, 0.0, 0.0, 0.0, 0.0, 1.0],
                [1.0, 0.000136, 8e-05, 0.0, -0.000136, 1.0, 0.000269, 0.4, -8e-05, -0.000269, 1.0, 0.0, 0.0, 0.0, 0.0, 1.0]
            ]
        },
        {
            "name": "Shoulder_R",
            "time": [0.0333, 0.1667, 0.4, 0.55, 0.7333, 0.8833, 1.1833, 1.5],
            "transform": [
                [-0.285285, 0.956353, 0.063249, -0.0, -0.146017, -0.108589, 0.983304, 0.4, 0.947255, 0.271287, 0.170622, -0.0, 0.0, 0.0, 0.0, 1.0],
                [-0.285285, 0.956353, 0.063249, -0.0, -0.146017, -0.108588, 0.983305, 0.4, 0.947255, 0.271287, 0.170622, 0.0, 0.0, 0.0, 0.0, 1.0],
                [-0.285285, 0.956353, 0.063249, -0.0, -0.146017, -0.108588, 0.983304, 0.4, 0.947254, 0.271287, 0.170622, 0.0, 0.0, 0.0, 0.0, 1.0],
                [0.254251, 0.966285, 0.040606, 0.0, -0.020543, -0.036581, 0.999119, 0.4, 0.96692, -0.254862, 0.01055, -0.0, 0.0, 0.0, 0.0, 1.0],
                [0.26339, 0.963882, 0.039445, 0.0, -0.018056, -0.035956, 0.99919, 0.4, 0.96452, -0.263889, 0.007933, 0.0, 0.0, 0.0, 0.0, 1.0],
                [0.263391, 0.963882, 0.039445, 0.0, -0.018056, -0.035956, 0.99919, 0.4, 0.96452, -0.26389, 0.007933, -0.0, 0.0, 0.0, 0.0, 1.0],
                [0.144065, 0.976222, 0.16197, -0.0, -0.018947, -0.160926, 0.986784, 0.4, 0.989387, -0.14523, -0.004688, 0.0, 0.0, 0.0, 0.0, 1.0],
                [0.000257, 0.952195, 0.305491, 0.0, -5.3e-05, -0.305491, 0.952195, 0.4, 1.0, -0.00026, -2.8e-05, 0.0, 0.0, 0.0, 0.0, 1.0]
            ]
        },
        {
            "name": "Arm_R",
            "time": [0.0333, 0.1667, 0.4, 0.55, 0.7333, 0.8833, 1.1833, 1.5],
            "transform": [
                [-0.244517, 0.44553, 0.861228, 0.0, 0.152829, 0.894796, -0.419504, 0.39386, -0.957525, 0.029045, -0.286882, 0.0, 0.0, 0.0, 0.0, 1.0],
                [0.158348, 0.208554, 0.965107, -0.0, 0.907584, 0.354207, -0.225452, 0.39386, -0.388866, 0.911615, -0.133193, 0.0, 0.0, 0.0, 0.0, 1.0],
                [0.198461, 0.40619, 0.891977, -0.0, 0.975015, 0.010839, -0.221873, 0.39386, -0.099791, 0.913724, -0.393891, 0.0, 0.0, 0.0, 0.0, 1.0],
                [-0.043393, -0.882581, 0.468153, 0.0, 0.995145, 0.003252, 0.09837, 0.39386, -0.088342, 0.470149, 0.878155, 0.0, 0.0, 0.0, 0.0, 1.0],
                [-0.432199, -0.901223, 0.031654, 0.0, 0.838636, -0.388785, 0.381491, 0.39386, -0.331502, 0.191426, 0.92383, -0.0, 0.0, 0.0, 0.0, 1.0],
                [-0.029376, -0.750303, -0.660441, -0.0, 0.140017, -0.657301, 0.740507, 0.39386, -0.989713, -0.07072, 0.124364, 0.0, 0.0, 0.0, 0.0, 1.0],
                [-0.378163, -0.606688, -0.69923, 0.0, -0.895044, 0.432503, 0.108803, 0.39386, 0.23641, 0.666987, -0.706569, 0.0, 0.0, 0.0, 0.0, 1.0],
                [-0.000613, 0.00019, -1.0, 0.0, 0.951687, 0.307069, -0.000525, 0.393861, 0.307068, -0.951687, -0.000369, -0.0, 0.0, 0.0, 0.0, 1.0]
            ]
        },
        {
            "name": "Hand_R",
            "time": [0.0333, 0.1667, 0.4, 0.55, 0.7333, 0.8833, 1.1833, 1.5],
            "transform": [
                [1.0, -0.0, 0.0, -0.0, -0.0, 0.702772, 0.711415, 0.3, -0.0, -0.711415, 0.702772, 0.0, 0.0, 0.0, 0.0, 1.0],
                [1.0, 0.0, 0.0, 0.0, -0.0, 0.881183, 0.472775, 0.3, -0.0, -0.472775, 0.881183, 0.0, 0.0, 0.0, 0.0, 1.0],
                [1.0, 0.0, 0.0, 0.0, -0.0, 0.953159, 0.302472, 0.3, -0.0, -0.302472, 0.953158, 0.0, 0.0, 0.0, 0.0, 1.0],
                [1.0, 0.0, -0.0, 0.0, 0.0, 0.953164, 0.302454, 0.3, -0.0, -0.302454, 0.953164, -0.0, 0.0, 0.0, 0.0, 1.0],
                [1.0, 0.0, 0.0, 0.0, -0.0, 0.977444, -0.211196, 0.3, -0.0, 0.211196, 0.977444, -0.0, 0.0, 0.0, 0.0, 1.0],
                [1.0, -0.0, 0.0, 0.0, -0.0, 0.558355, 0.829603, 0.3, -0.0, -0.829603, 0.558355, -0.0, 0.0, 0.0, 0.0, 1.0],
                [1.0, -0.0, 0.0, -0.0, -0.0, 0.728141, 0.685427, 0.3, -0.0, -0.685427, 0.728142, 0.0, 0.0, 0.0, 0.0, 1.0],
                [1.0, 0.0, 0.0, 0.0, -0.0, 0.993818, 0.111026, 0.3, -0.0, -0.111026, 0.993818, -0.0, 0.0, 0.0, 0.0, 1.0]
            ]
        },
        {
            "name": "Tool_R",
            "time": [0.0333, 0.1667, 0.4, 0.55, 0.7333, 0.8833, 1.1833, 1.5],
            "transform": [
                [-0.967969, 0.250758, -0.012529, 0.0, -0.205139, -0.818672, -0.536372, 0.272858, -0.144673, -0.516324, 0.843383, -0.0, 0.0, 0.0, 0.0, 1.0],
                [-0.506016, 0.724843, 0.467495, -0.0, -0.141426, 0.464946, -0.87397, 0.272858, -0.850349, -0.508053, -0.13269, -0.0, 0.0, 0.0, 0.0, 1.0],
                [-0.393358, 0.902821, 0.173736, 0.0, -0.007241, 0.185921, -0.982538, 0.272858, -0.918813, -0.387515, -0.066567, -0.0, 0.0, 0.0, 0.0, 1.0],
                [-0.592894, 0.761931, 0.260649, -0.0, 0.729616, 0.645245, -0.226537, 0.272858, -0.340579, 0.055835, -0.937926, 0.0, 0.0, 0.0, 0.0, 1.0],
                [0.24382, 0.872511, -0.423411, -0.0, -0.098776, -0.411976, -0.905826, 0.272858, -0.964207, 0.262521, -0.014266, 0.0, 0.0, 0.0, 0.0, 1.0],
                [0.877932, 0.080275, 0.472008, 0.0, 0.420508, 0.342095, -0.840324, 0.272858, -0.228788, 0.93568, 0.266413, 0.0, 0.0, 0.0, 0.0, 1.0],
                [0.881745, -0.416537, 0.221413, 0.0, -0.017452, 0.440241, 0.897711, 0.272858, -0.471125, -0.79494, 0.380694, -0.0, 0.0, 0.0, 0.0, 1.0],
                [1.0, -0.000397, -0.00023, 0.0, -0.000393, -0.999806, 0.019699, 0.272858, -0.000238, -0.019698, -0.999214, 0.0, 0.0, 0.0, 0.0, 1.0]
            ]
        },
        {
            "name": "Elbow_R",
            "time": [0.0333, 0.1667, 0.4, 0.55, 0.7333, 0.8833, 1.1833, 1.5],
            "transform": [
                [-1.0, 0.0, 0.0, -0.0, 0.0, -0.0, -1.0, 0.3, -0.0, -1.0, 0.0, -0.0, 0.0, 0.0, 0.0, 1.0],
                [-1.0, 0.0, -0.0, -0.0, 0.0, -0.0, -1.0, 0.3, -0.0, -1.0, 0.0, 0.0, 0.0, 0.0, 0.0, 1.0],
                [-1.0, 0.0, -0.0, 0.0, 0.0, 0.0, -1.0, 0.3, -0.0, -1.0, 0.0, 0.0, 0.0, 0.0, 0.0, 1.0],
                [-1.0, 0.0, 0.0, 0.0, -0.0, -0.0, -1.0, 0.3, -0.0, -1.0, 0.0, -0.0, 0.0, 0.0, 0.0, 1.0],
                [-1.0, 0.0, -0.0, 0.0, 0.0, -0.0, -1.0, 0.330266, -0.0, -1.0, 0.0, 0.0, 0.0, 0.0, 0.0, 1.0],
                [-1.0, 0.0, -0.0, 0.0, -0.0, -0.0, -1.0, 0.3, -0.0, -1.0, 0.0, -0.0, 0.0, 0.0, 0.0, 1.0],
                [-1.0, 0.0, -0.0, -0.0, 0.0, -0.0, -1.0, 0.3, -0.0, -1.0, 0.0, 0.0, 0.0, 0.0, 0.0, 1.0],
                [-1.0, 0.0, -0.0, 0.0, 0.0, -0.0, -1.0, 0.3, -0.0, -1.0, 0.0, -0.0, 0.0, 0.0, 0.0, 1.0]
            ]
        },
        {
            "name": "Shoulder_L",
            "time": [0.0333, 0.1667, 0.4, 0.55, 0.7333, 0.8833, 1.1833, 1.5],
            "transform": [
                [-0.297588, -0.947228, -0.119167, -0.0, -0.467898, 0.035904, 0.883053, 0.4, -0.832173, 0.318544, -0.453891, -0.0, 0.0, 0.0, 0.0, 1.0],
                [-0.297588, -0.947228, -0.119167, -0.0, -0.467898, 0.035904, 0.883053, 0.4, -0.832173, 0.318544, -0.453891, 0.0, 0.0, 0.0, 0.0, 1.0],
                [-0.386843, -0.907577, -0.16327, -0.0, -0.447831, 0.030125, 0.893611, 0.4, -0.806102, 0.418804, -0.418094, 0.0, 0.0, 0.0, 0.0, 1.0],
                [-0.387445, -0.907268, -0.163559, 0.0, -0.447695, 0.030077, 0.893681, 0.4, -0.805888, 0.419476, -0.417832, -0.0, 0.0, 0.0, 0.0, 1.0],
                [-0.387445, -0.907268, -0.163559, 0.0, -0.447695, 0.030077, 0.893681, 0.4, -0.805888, 0.419476, -0.417832, 0.0, 0.0, 0.0, 0.0, 1.0],
                [-0.387444, -0.907268, -0.163559, 0.0, -0.447695, 0.030077, 0.893681, 0.4, -0.805888, 0.419476, -0.417832, -0.0, 0.0, 0.0, 0.0, 1.0],
                [-0.207279, -0.955945, -0.207855, -0.0, -0.268203, -0.148799, 0.951801, 0.4, -0.940799, 0.253036, -0.225544, 0.0, 0.0, 0.0, 0.0, 1.0],
                [-0.000344, -0.952181, -0.305533, 0.0, -0.000507, -0.305533, 0.952181, 0.4, -1.0, 0.000482, -0.000378, 0.0, 0.0, 0.0, 0.0, 1.0]
            ]
        },
        {
            "name": "Arm_L",
            "time": [0.0333, 0.1667, 0.4, 0.55, 0.7333, 0.8833, 1.1833, 1.5],
            "transform": [
                [0.673002, 0.704318, 0.22584, 0.0, 0.241875, 0.078976, -0.967088, 0.39386, -0.698974, 0.705477, -0.117206, -0.0, 0.0, 0.0, 0.0, 1.0],
                [0.74397, -0.521703, 0.417534, -0.0, 0.652301, 0.431467, -0.62317, 0.39386, 0.144958, 0.735977, 0.661305, -0.0, 0.0, 0.0, 0.0, 1.0],
                [0.4701, -0.840688, 0.268792, 0.0, 0.589605, 0.072499, -0.804431, 0.39386, 0.656789, 0.536644, 0.529756, -0.0, 0.0, 0.0, 0.0, 1.0],
                [0.092361, 0.327795, 0.940224, 0.0, 0.717202, -0.676916, 0.165544, 0.39386, 0.690717, 0.659041, -0.297616, -0.0, 0.0, 0.0, 0.0, 1.0],
                [0.697802, -0.402707, 0.592368, 0.0, 0.7147, 0.336369, -0.613237, 0.39386, 0.047701, 0.851283, 0.522533, -0.0, 0.0, 0.0, 0.0, 1.0],
                [0.534165, -0.558868, 0.634298, 0.0, 0.751688, -0.029333, -0.658867, 0.39386, 0.386826, 0.828737, 0.404426, -0.0, 0.0, 0.0, 0.0, 1.0],
                [0.537073, -0.121752, 0.834703, 0.0, 0.334185, 0.939273, -0.078019, 0.39386, -0.774515, 0.320847, 0.545146, 0.0, 0.0, 0.0, 0.0, 1.0],
                [0.000608, 0.000355, 1.0, -0.0, -0.951567, 0.30744, 0.00047, 0.39386, -0.30744, -0.951567, 0.000525, 0.0, 0.0, 0.0, 0.0, 1.0]
            ]
        },
        {
            "name": "Hand_L",
            "time": [0.0333, 0.1667, 0.4, 0.55, 0.7333, 0.8833, 1.1833, 1.5],
            "transform": [
                [1.0, 0.0, -0.0, -0.0, -0.0, 0.428843, -0.903379, 0.3, -0.0, 0.903379, 0.428843, -0.0, 0.0, 0.0, 0.0, 1.0],
                [1.0, -0.0, 0.0, -0.0, 0.0, 0.976382, -0.216051, 0.3, -0.0, 0.216051, 0.976382, 0.0, 0.0, 0.0, 0.0, 1.0],
                [1.0, -0.0, 0.0, -0.0, -0.0, 0.988593, 0.150611, 0.3, -0.0, -0.150611, 0.988593, -0.0, 0.0, 0.0, 0.0, 1.0],
                [1.0, 0.0, 0.0, -0.0, -0.0, 0.988588, 0.150646, 0.3, -0.0, -0.150646, 0.988587, 0.0, 0.0, 0.0, 0.0, 1.0],
                [1.0, 0.0, 0.0, -0.0, -0.0, 0.98912, 0.147108, 0.3, -0.0, -0.147108, 0.98912, -0.0, 0.0, 0.0, 0.0, 1.0],
                [1.0, 0.0, 0.0, -0.0, -0.0, 0.989126, 0.147069, 0.3, -0.0, -0.147069, 0.989126, 0.0, 0.0, 0.0, 0.0, 1.0],
                [1.0, 0.0, 0.0, 0.0, -0.0, 0.991305, 0.131588, 0.3, -0.0, -0.131588, 0.991304, 0.0, 0.0, 0.0, 0.0, 1.0],
                [1.0, 0.0, 0.0, -0.0, -0.0, 0.993933, 0.10999, 0.3, -0.0, -0.10999, 0.993933, 0.0, 0.0, 0.0, 0.0, 1.0]
            ]
        },
        {
            "name": "Tool_L",
            "time": [0.0333, 0.1667, 0.4, 0.55, 0.7333, 0.8833, 1.1833, 1.5],
            "transform": [
                [0.662845, 0.709775, 0.238443, -0.0, 0.179576, 0.158463, -0.970898, 0.272858, -0.726474, 0.685971, -0.022419, -0.0, 0.0, 0.0, 0.0, 1.0],
                [0.662845, 0.709775, 0.238443, -0.0, 0.179576, 0.158463, -0.970897, 0.272858, -0.726474, 0.685971, -0.022419, -0.0, 0.0, 0.0, 0.0, 1.0],
                [0.662845, 0.709775, 0.238443, 0.0, 0.179576, 0.158463, -0.970898, 0.272858, -0.726474, 0.685971, -0.022419, 0.0, 0.0, 0.0, 0.0, 1.0],
                [0.893126, 0.438778, 0.098995, -0.0, -0.123459, 0.450756, -0.884068, 0.272858, -0.432279, 0.77691, 0.456475, 0.0, 0.0, 0.0, 0.0, 1.0],
                [0.584582, 0.213229, -0.782814, 0.0, -0.481791, -0.685078, -0.546394, 0.272858, -0.652416, 0.696147, -0.297583, 0.0, 0.0, 0.0, 0.0, 1.0],
                [0.500462, -0.417549, -0.758413, 0.0, -0.548519, -0.83068, 0.09538, 0.272858, -0.669436, 0.368044, -0.644377, 0.0, 0.0, 0.0, 0.0, 1.0],
                [0.879665, -0.310252, -0.360462, -0.0, -0.312036, -0.948484, 0.054881, 0.272858, -0.358712, 0.064153, -0.93061, 0.0, 0.0, 0.0, 0.0, 1.0],
                [1.0, -0.000563, -0.000579, 0.0, -0.000552, -0.999837, 0.018063, 0.272858, -0.000588, -0.018063, -0.999248, 0.0, 0.0, 0.0, 0.0, 1.0]
            ]
        },
        {
            "name": "Elbow_L",
            "time": [0.0333, 0.1667, 0.4, 0.55, 0.7333, 0.8833, 1.1833, 1.5],
            "transform": [
                [-1.0, 0.0, -0.0, 0.0, 0.0, -0.0, -1.0, 0.415991, -0.0, -1.0, 0.0, -0.0, 0.0, 0.0, 0.0, 1.0],
                [-1.0, 0.0, -0.0, -1e-06, 0.0, -0.0, -1.0, 0.330731, -0.0, -1.0, -0.0, 0.0, 0.0, 0.0, 0.0, 1.0],
                [-1.0, 0.0, -0.0, -0.0, 0.0, -0.0, -1.0, 0.300001, -0.0, -1.0, -0.0, 0.0, 0.0, 0.0, 0.0, 1.0],
                [-1.0, 0.0, -0.0, -0.0, 0.0, -0.0, -1.0, 0.3, -0.0, -1.0, -0.0, -0.0, 0.0, 0.0, 0.0, 1.0],
                [-1.0, 0.0, -0.0, 0.0, 0.0, 0.0, -1.0, 0.3, -0.0, -1.0, 0.0, -0.0, 0.0, 0.0, 0.0, 1.0],
                [-1.0, 0.0, 0.0, -0.0, 0.0, -0.0, -1.0, 0.3, -0.0, -1.0, -0.0, 0.0, 0.0, 0.0, 0.0, 1.0],
                [-1.0, 0.0, -0.0, 0.0, -0.0, 0.0, -1.0, 0.3, -0.0, -1.0, 0.0, 0.0, 0.0, 0.0, 0.0, 1.0],
                [-1.0, 0.0, -0.0, -0.0, 0.0, -0.0, -1.0, 0.3, -0.0, -1.0, -0.0, 0.0, 0.0, 0.0, 0.0, 1.0]
            ]
        }
    ]
}