{
    "animation": [
        {
            "name": "Root",
            "time": [0.0, 0.0167, 0.0333, 0.05, 0.0667, 0.0833, 0.1, 0.1167, 0.1333, 0.15, 0.1667, 0.1833, 0.2, 0.2167, 0.2333, 0.25, 0.2667, 0.2833, 0.3, 0.3167, 0.3333, 0.35, 0.3667, 0.3833, 0.4, 0.4167, 0.4333, 0.45, 0.4667, 0.4833, 0.5, 0.5167, 0.5333, 0.55, 0.5667, 0.5833, 0.6, 0.6167, 0.6333, 0.65, 0.6667, 0.6833, 0.7, 0.7167, 0.7333, 0.75, 0.7667, 0.7833, 0.8, 0.8167, 0.8333, 0.85, 0.8667, 0.8833, 0.9, 0.9167, 0.9333, 0.95, 0.9667, 0.9833, 1.0, 1.0167, 1.0333, 1.05, 1.0667, 1.0833, 1.1, 1.1167, 1.1333, 1.15, 1.1667, 1.1833, 1.2, 1.2167, 1.2333, 1.25, 1.2667, 1.2833, 1.3, 1.3167, 1.3333, 1.35, 1.3667, 1.3833, 1.4, 1.4167, 1.4333, 1.45, 1.4667, 1.4833, 1.5, 1.5167, 1.5333, 1.55, 1.5667, 1.5833, 1.6, 1.6167, 1.6333, 1.65, 1.6667, 1.6833, 1.7, 1.7167, 1.7333],
            "transform": [
                [0.937076, -0.0, -0.349126, -5e-06, -0.34292, 0.187703, -0.92042, 0.000946, 0.065532, 0.982226, 0.175892, 0.716405, 0.0, 0.0, 0.0, 1.0],
                [0.97531, -0.033612, -0.218269, -5e-06, -0.211034, 0.149412, -0.965992, 0.064099, 0.065081, 0.988204, 0.13863, 0.722179, 0.0, 0.0, 0.0, 1.0],
                [0.98025, -0.088288, 0.176959, -5e-06, 0.180943, 0.039313, -0.982708, 0.21119, 0.079805, 0.995319, 0.054511, 0.732901, 0.0, 0.0, 0.0, 1.0],
                [0.705294, -0.07658, 0.704766, -5e-06, 0.698923, -0.091208, -0.709357, 0.378665, 0.118603, 0.992883, -0.010805, 0.738674, 0.0, 0.0, 0.0, 1.0],
                [0.220464, 0.001363, 0.975394, -5e-06, 0.969241, -0.112461, -0.218916, 0.514556, 0.109395, 0.993655, -0.026115, 0.733617, 0.0, 0.0, 0.0, 1.0],
                [-0.004963, 0.043197, 0.999054, -5e-06, 0.996636, -0.081522, 0.008476, 0.613226, 0.081811, 0.995735, -0.042647, 0.720574, 0.0, 0.0, 0.0, 1.0],
                [-0.059872, 0.063833, 0.996163, -5e-06, 0.996204, -0.059345, 0.063677, 0.68062, 0.063182, 0.996195, -0.060038, 0.70274, 0.0, 0.0, 0.0, 1.0],
                [-0.126947, 0.051541, 0.99057, -5e-06, 0.991468, -0.023227, 0.12827, 0.722687, 0.029619, 0.998401, -0.048153, 0.683309, 0.0, 0.0, 0.0, 1.0],
                [-0.214491, 0.003855, 0.976719, -5e-06, 0.976371, 0.027802, 0.214305, 0.745372, -0.026329, 0.999606, -0.009727, 0.665475, 0.0, 0.0, 0.0, 1.0],
                [-0.294457, -0.047794, 0.954469, -5e-06, 0.952333, 0.068648, 0.297236, 0.754622, -0.079728, 0.996495, 0.025302, 0.652432, 0.0, 0.0, 0.0, 1.0],
                [-0.351034, -0.071894, 0.933599, -5e-06, 0.930468, 0.084921, 0.356396, 0.756384, -0.104904, 0.993791, 0.037085, 0.647374, 0.0, 0.0, 0.0, 1.0],
                [-0.390427, -0.071257, 0.917872, -5e-06, 0.914298, 0.086755, 0.395642, 0.756384, -0.107822, 0.993678, 0.031279, 0.647374, 0.0, 0.0, 0.0, 1.0],
                [-0.42545, -0.069388, 0.902318, -5e-06, 0.89809, 0.090444, 0.430412, 0.756384, -0.111475, 0.993481, 0.023837, 0.647374, 0.0, 0.0, 0.0, 1.0],
                [-0.456473, -0.066529, 0.887246, -5e-06, 0.882184, 0.095817, 0.461054, 0.756384, -0.115687, 0.993173, 0.014952, 0.647374, 0.0, 0.0, 0.0, 1.0],
                [-0.483867, -0.062887, 0.872879, -5e-06, 0.866832, 0.102677, 0.487913, 0.756384, -0.120308, 0.992725, 0.00483, 0.647374, 0.0, 0.0, 0.0, 1.0],
                [-0.50799, -0.058644, 0.859365, -5e-06, 0.852214, 0.110812, 0.511325, 0.756384, -0.125214, 0.99211, -0.006315, 0.647374, 0.0, 0.0, 0.0, 1.0],
                [-0.529181, -0.053957, 0.846792, -5e-06, 0.838445, 0.119998, 0.531612, 0.756384, -0.130297, 0.991307, -0.01826, 0.647374, 0.0, 0.0, 0.0, 1.0],
                [-0.547761, -0.048968, 0.8352, -5e-06, 0.825595, 0.130002, 0.549083, 0.756384, -0.135465, 0.990304, -0.030782, 0.647374, 0.0, 0.0, 0.0, 1.0],
                [-0.564028, -0.043801, 0.824594, -5e-06, 0.813692, 0.140589, 0.564039, 0.756384, -0.140634, 0.989099, -0.043655, 0.647374, 0.0, 0.0, 0.0, 1.0],
                [-0.578256, -0.038576, 0.814943, -5e-06, 0.802734, 0.151521, 0.576766, 0.756384, -0.14573, 0.987701, -0.056652, 0.647374, 0.0, 0.0, 0.0, 1.0],
                [-0.590703, -0.033401, 0.806198, -5e-06, 0.792696, 0.162559, 0.587545, 0.756384, -0.15068, 0.986133, -0.069547, 0.647374, 0.0, 0.0, 0.0, 1.0],
                [-0.601605, -0.028386, 0.79829, -5e-06, 0.78353, 0.173466, 0.59665, 0.756384, -0.155413, 0.984431, -0.082117, 0.647374, 0.0, 0.0, 0.0, 1.0],
                [-0.611182, -0.023637, 0.791137, -5e-06, 0.775178, 0.184006, 0.604351, 0.756384, -0.159859, 0.982641, -0.094138, 0.647374, 0.0, 0.0, 0.0, 1.0],
                [-0.619643, -0.019263, 0.784647, -5e-06, 0.76757, 0.193943, 0.610919, 0.756384, -0.163945, 0.980824, -0.10539, 0.647374, 0.0, 0.0, 0.0, 1.0],
                [-0.627182, -0.015373, 0.778721, -5e-06, 0.760628, 0.203046, 0.616618, 0.756384, -0.167596, 0.979048, -0.115654, 0.647374, 0.0, 0.0, 0.0, 1.0],
                [-0.633985, -0.012081, 0.773252, -5e-06, 0.754264, 0.211083, 0.621715, 0.756384, -0.170731, 0.977393, -0.124712, 0.647374, 0.0, 0.0, 0.0, 1.0],
                [-0.640228, -0.009503, 0.768126, -5e-06, 0.748389, 0.217824, 0.626472, 0.756384, -0.173269, 0.975942, -0.132345, 0.647374, 0.0, 0.0, 0.0, 1.0],
                [-0.646084, -0.007759, 0.763227, -5e-06, 0.742905, 0.223034, 0.631149, 0.756384, -0.175123, 0.97478, -0.138335, 0.647374, 0.0, 0.0, 0.0, 1.0],
                [-0.651721, -0.006971, 0.758427, -5e-06, 0.737708, 0.22648, 0.635999, 0.756384, -0.176202, 0.973991, -0.142459, 0.647374, 0.0, 0.0, 0.0, 1.0],
                [-0.657305, -0.007263, 0.75359, -5e-06, 0.732686, 0.227919, 0.641268, 0.756384, -0.176415, 0.973653, -0.144491, 0.647374, 0.0, 0.0, 0.0, 1.0],
                [-0.662999, -0.008276, 0.748575, -5e-06, 0.727619, 0.228064, 0.64696, 0.756566, -0.176077, 0.973611, -0.145184, 0.647423, 0.0, 0.0, 0.0, 1.0],
                [-0.668816, -0.009551, 0.743367, -5e-06, 0.722397, 0.227806, 0.652876, 0.757103, -0.175579, 0.97366, -0.145461, 0.647569, 0.0, 0.0, 0.0, 1.0],
                [-0.674692, -0.011059, 0.738017, -5e-06, 0.717069, 0.227162, 0.658946, 0.757987, -0.174937, 0.973794, -0.145334, 0.647808, 0.0, 0.0, 0.0, 1.0],
                [-0.680564, -0.012774, 0.732578, -5e-06, 0.711686, 0.226154, 0.6651, 0.759208, -0.174171, 0.974008, -0.144821, 0.648138, 0.0, 0.0, 0.0, 1.0],
                [-0.68637, -0.014666, 0.727105, -5e-06, 0.706303, 0.224799, 0.671269, 0.760755, -0.173297, 0.974295, -0.143937, 0.648556, 0.0, 0.0, 0.0, 1.0],
                [-0.692051, -0.016709, 0.721655, -5e-06, 0.700975, 0.223119, 0.677386, 0.76262, -0.172333, 0.974648, -0.142697, 0.649061, 0.0, 0.0, 0.0, 1.0],
                [-0.697549, -0.018877, 0.716289, -5e-06, 0.695761, 0.221135, 0.683385, 0.764792, -0.171296, 0.97506, -0.141119, 0.649648, 0.0, 0.0, 0.0, 1.0],
                [-0.702805, -0.021143, 0.711069, -5e-06, 0.690722, 0.218868, 0.689202, 0.767262, -0.170202, 0.975525, -0.139218, 0.650316, 0.0, 0.0, 0.0, 1.0],
                [-0.707764, -0.023483, 0.706059, -5e-06, 0.685921, 0.216342, 0.694772, 0.77002, -0.169066, 0.976035, -0.137011, 0.651062, 0.0, 0.0, 0.0, 1.0],
                [-0.712371, -0.025874, 0.701326, -5e-06, 0.681423, 0.213579, 0.700033, 0.773055, -0.167902, 0.976583, -0.134517, 0.651883, 0.0, 0.0, 0.0, 1.0],
                [-0.716571, -0.028292, 0.69694, -5e-06, 0.677296, 0.210606, 0.704923, 0.776359, -0.166723, 0.977162, -0.131752, 0.652776, 0.0, 0.0, 0.0, 1.0],
                [-0.72031, -0.030715, 0.692972, -5e-06, 0.673609, 0.207445, 0.709378, 0.779922, -0.165542, 0.977764, -0.128735, 0.65374, 0.0, 0.0, 0.0, 1.0],
                [-0.723534, -0.033124, 0.689494, -5e-06, 0.670434, 0.204124, 0.713339, 0.783734, -0.164371, 0.978384, -0.125484, 0.654771, 0.0, 0.0, 0.0, 1.0],
                [-0.726186, -0.035497, 0.686582, -5e-06, 0.667843, 0.20067, 0.716741, 0.787784, -0.163219, 0.979016, -0.122017, 0.655866, 0.0, 0.0, 0.0, 1.0],
                [-0.728209, -0.037817, 0.684311, -5e-06, 0.665911, 0.19711, 0.719521, 0.792064, -0.162095, 0.979652, -0.118355, 0.657024, 0.0, 0.0, 0.0, 1.0],
                [-0.729545, -0.040065, 0.682758, -5e-06, 0.664711, 0.193473, 0.721614, 0.796564, -0.161006, 0.980287, -0.114515, 0.65824, 0.0, 0.0, 0.0, 1.0],
                [-0.73013, -0.042224, 0.682002, -5e-06, 0.664321, 0.189786, 0.722951, 0.801273, -0.15996, 0.980917, -0.110518, 0.659514, 0.0, 0.0, 0.0, 1.0],
                [-0.729899, -0.044278, 0.68212, -5e-06, 0.664815, 0.18608, 0.723461, 0.806182, -0.158962, 0.981536, -0.106383, 0.660842, 0.0, 0.0, 0.0, 1.0],
                [-0.728777, -0.04621, 0.68319, -5e-06, 0.66627, 0.182384, 0.723064, 0.811282, -0.158016, 0.982141, -0.102129, 0.662221, 0.0, 0.0, 0.0, 1.0],
                [-0.726688, -0.048005, 0.685289, -5e-06, 0.668758, 0.178729, 0.721678, 0.816562, -0.157125, 0.982727, -0.097776, 0.663649, 0.0, 0.0, 0.0, 1.0],
                [-0.722325, -0.049343, 0.689792, -5e-06, 0.673671, 0.175162, 0.717973, 0.822013, -0.156252, 0.983302, -0.093283, 0.665123, 0.0, 0.0, 0.0, 1.0],
                [-0.714452, -0.049952, 0.697899, -5e-06, 0.682223, 0.171711, 0.710695, 0.827625, -0.155338, 0.98388, -0.088601, 0.666641, 0.0, 0.0, 0.0, 1.0],
                [-0.70305, -0.049885, 0.709388, -5e-06, 0.694189, 0.168363, 0.699826, 0.833388, -0.154346, 0.984462, -0.083737, 0.668199, 0.0, 0.0, 0.0, 1.0],
                [-0.688047, -0.049192, 0.723997, -5e-06, 0.709302, 0.165097, 0.685299, 0.839293, -0.153241, 0.98505, -0.078702, 0.669796, 0.0, 0.0, 0.0, 1.0],
                [-0.66933, -0.047918, 0.741418, -5e-06, 0.727253, 0.161887, 0.667005, 0.84533, -0.151987, 0.985645, -0.073507, 0.671429, 0.0, 0.0, 0.0, 1.0],
                [-0.646761, -0.046108, 0.761298, -5e-06, 0.747687, 0.1587, 0.644809, 0.851488, -0.150549, 0.98625, -0.068167, 0.673094, 0.0, 0.0, 0.0, 1.0],
                [-0.620186, -0.043804, 0.783231, -5e-06, 0.770196, 0.155501, 0.618562, 0.857759, -0.148888, 0.986864, -0.062702, 0.67479, 0.0, 0.0, 0.0, 1.0],
                [-0.589451, -0.041053, 0.80676, -5e-06, 0.794321, 0.152249, 0.588111, 0.864132, -0.146972, 0.987489, -0.057135, 0.676514, 0.0, 0.0, 0.0, 1.0],
                [-0.554421, -0.0379, 0.831373, -5e-06, 0.819549, 0.148905, 0.553324, 0.870598, -0.144767, 0.988125, -0.051495, 0.678262, 0.0, 0.0, 0.0, 1.0],
                [-0.514989, -0.034398, 0.856506, -5e-06, 0.845312, 0.145427, 0.514099, 0.877147, -0.142243, 0.988771, -0.045817, 0.680034, 0.0, 0.0, 0.0, 1.0],
                [-0.471106, -0.030599, 0.881546, -5e-06, 0.870996, 0.141776, 0.47039, 0.883769, -0.139376, 0.989426, -0.04014, 0.681824, 0.0, 0.0, 0.0, 1.0],
                [-0.422786, -0.026563, 0.90584, -5e-06, 0.895944, 0.137917, 0.422212, 0.890454, -0.136146, 0.990087, -0.03451, 0.683632, 0.0, 0.0, 0.0, 1.0],
                [-0.37013, -0.022354, 0.928711, -5e-06, 0.919476, 0.13382, 0.369671, 0.897193, -0.132543, 0.990754, -0.028977, 0.685455, 0.0, 0.0, 0.0, 1.0],
                [-0.313338, -0.018039, 0.949471, -5e-06, 0.940899, 0.12946, 0.312969, 0.903976, -0.128564, 0.991421, -0.023592, 0.687289, 0.0, 0.0, 0.0, 1.0],
                [-0.252716, -0.013688, 0.967444, -5e-06, 0.959534, 0.124825, 0.252416, 0.910793, -0.124216, 0.992084, -0.018411, 0.689133, 0.0, 0.0, 0.0, 1.0],
                [-0.188683, -0.009375, 0.981994, -5e-06, 0.974738, 0.11991, 0.188434, 0.917635, -0.119517, 0.992741, -0.013487, 0.690983, 0.0, 0.0, 0.0, 1.0],
                [-0.121765, -0.005172, 0.992545, -5e-06, 0.985933, 0.114723, 0.121551, 0.924491, -0.114496, 0.993384, -0.00887, 0.692837, 0.0, 0.0, 0.0, 1.0],
                [-0.052588, -0.001148, 0.998616, -5e-06, 0.992629, 0.109284, 0.052398, 0.931352, -0.109193, 0.99401, -0.004608, 0.694693, 0.0, 0.0, 0.0, 1.0],
                [0.018144, 0.002632, 0.999832, -5e-06, 0.994448, 0.103624, -0.018319, 0.938208, -0.103655, 0.994613, -0.000737, 0.696547, 0.0, 0.0, 0.0, 1.0],
                [0.089668, 0.00611, 0.995953, -5e-06, 0.991145, 0.097786, -0.089835, 0.94505, -0.09794, 0.995189, 0.002713, 0.698397, 0.0, 0.0, 0.0, 1.0],
                [0.161195, 0.009238, 0.986879, -5e-06, 0.982615, 0.091823, -0.161358, 0.951867, -0.092109, 0.995732, 0.005724, 0.700241, 0.0, 0.0, 0.0, 1.0],
                [0.231941, 0.01198, 0.972656, -5e-06, 0.968901, 0.085793, -0.232102, 0.95865, -0.086228, 0.996241, 0.008292, 0.702075, 0.0, 0.0, 0.0, 1.0],
                [0.301152, 0.014311, 0.953469, -5e-06, 0.950184, 0.079762, -0.301311, 0.965389, -0.080362, 0.996711, 0.010423, 0.703898, 0.0, 0.0, 0.0, 1.0],
                [0.368139, 0.016218, 0.929629, -5e-06, 0.926775, 0.073795, -0.368296, 0.972075, -0.074575, 0.997141, 0.012136, 0.705706, 0.0, 0.0, 0.0, 1.0],
                [0.4323, 0.017703, 0.901556, -5e-06, 0.899092, 0.067959, -0.432452, 0.978697, -0.068924, 0.997531, 0.013462, 0.707497, 0.0, 0.0, 0.0, 1.0],
                [0.493153, 0.018778, 0.86974, -5e-06, 0.867625, 0.062312, -0.493299, 0.985245, -0.063459, 0.99788, 0.014437, 0.709268, 0.0, 0.0, 0.0, 1.0],
                [0.550404, 0.019475, 0.834671, -5e-06, 0.832867, 0.056888, -0.550542, 0.991711, -0.058204, 0.998191, 0.015091, 0.711017, 0.0, 0.0, 0.0, 1.0],
                [0.603856, 0.019828, 0.796847, -5e-06, 0.795318, 0.05171, -0.603983, 0.998084, -0.05318, 0.998465, 0.015456, 0.71274, 0.0, 0.0, 0.0, 1.0],
                [0.653377, 0.019874, 0.756772, -5e-06, 0.755484, 0.046795, -0.653494, 1.004355, -0.048401, 0.998707, 0.015561, 0.714436, 0.0, 0.0, 0.0, 1.0],
                [0.698905, 0.01965, 0.714945, -5e-06, 0.713868, 0.042158, -0.69901, 1.010514, -0.043876, 0.998918, 0.015437, 0.716102, 0.0, 0.0, 0.0, 1.0],
                [0.740438, 0.019193, 0.671851, -5e-06, 0.670957, 0.037808, -0.740532, 1.01655, -0.039614, 0.999101, 0.015117, 0.717734, 0.0, 0.0, 0.0, 1.0],
                [0.77803, 0.018538, 0.627954, -5e-06, 0.627217, 0.033747, -0.778113, 1.022455, -0.035617, 0.999258, 0.014629, 0.719331, 0.0, 0.0, 0.0, 1.0],
                [0.811785, 0.017721, 0.583688, -5e-06, 0.583086, 0.029978, -0.811857, 1.028218, -0.031885, 0.999393, 0.014003, 0.72089, 0.0, 0.0, 0.0, 1.0],
                [0.841846, 0.016774, 0.539457, -5e-06, 0.538969, 0.026496, -0.841909, 1.03383, -0.028415, 0.999508, 0.013265, 0.722407, 0.0, 0.0, 0.0, 1.0],
                [0.868393, 0.015726, 0.495627, -5e-06, 0.495235, 0.023296, -0.868446, 1.039281, -0.025203, 0.999605, 0.012442, 0.723882, 0.0, 0.0, 0.0, 1.0],
                [0.891631, 0.014606, 0.452528, -5e-06, 0.452217, 0.020369, -0.891675, 1.044561, -0.022241, 0.999686, 0.011557, 0.72531, 0.0, 0.0, 0.0, 1.0],
                [0.911783, 0.013438, 0.410452, -5e-06, 0.410208, 0.017705, -0.91182, 1.049661, -0.01952, 0.999753, 0.010631, 0.726689, 0.0, 0.0, 0.0, 1.0],
                [0.929088, 0.012246, 0.369657, -5e-06, 0.369467, 0.015291, -0.929118, 1.05457, -0.017031, 0.999808, 0.009682, 0.728016, 0.0, 0.0, 0.0, 1.0],
                [0.943789, 0.01105, 0.330363, -5e-06, 0.330218, 0.013115, -0.943814, 1.05928, -0.014762, 0.999853, 0.008728, 0.72929, 0.0, 0.0, 0.0, 1.0],
                [0.956135, 0.009867, 0.29276, -5e-06, 0.29265, 0.011162, -0.956154, 1.063779, -0.012702, 0.999889, 0.007784, 0.730507, 0.0, 0.0, 0.0, 1.0],
                [0.96637, 0.008712, 0.257009, -5e-06, 0.256928, 0.009418, -0.966385, 1.068059, -0.01084, 0.999918, 0.006863, 0.731664, 0.0, 0.0, 0.0, 1.0],
                [0.974733, 0.007598, 0.223244, -5e-06, 0.223185, 0.007869, -0.974744, 1.07211, -0.009163, 0.99994, 0.005975, 0.73276, 0.0, 0.0, 0.0, 1.0],
                [0.981456, 0.006537, 0.191579, -5e-06, 0.191537, 0.006502, -0.981464, 1.075921, -0.007662, 0.999958, 0.005129, 0.733791, 0.0, 0.0, 0.0, 1.0],
                [0.986758, 0.005538, 0.162105, -5e-06, 0.162077, 0.005302, -0.986764, 1.079484, -0.006324, 0.999971, 0.004334, 0.734754, 0.0, 0.0, 0.0, 1.0],
                [0.990848, 0.004607, 0.134903, -5e-06, 0.134883, 0.004256, -0.990852, 1.082788, -0.005139, 0.99998, 0.003595, 0.735648, 0.0, 0.0, 0.0, 1.0],
                [0.99392, 0.003752, 0.110036, -5e-06, 0.110024, 0.003352, -0.993923, 1.085824, -0.004098, 0.999987, 0.002919, 0.736469, 0.0, 0.0, 0.0, 1.0],
                [0.996155, 0.002978, 0.087562, -5e-06, 0.087555, 0.002578, -0.996156, 1.088581, -0.003192, 0.999992, 0.002308, 0.737214, 0.0, 0.0, 0.0, 1.0],
                [0.997714, 0.002288, 0.067533, -5e-06, 0.067528, 0.001925, -0.997716, 1.091051, -0.002413, 0.999996, 0.001766, 0.737882, 0.0, 0.0, 0.0, 1.0],
                [0.998748, 0.001686, 0.049995, -5e-06, 0.049992, 0.001381, -0.998749, 1.093223, -0.001752, 0.999998, 0.001295, 0.73847, 0.0, 0.0, 0.0, 1.0],
                [0.999387, 0.001173, 0.034996, -5e-06, 0.034995, 0.000938, -0.999387, 1.095088, -0.001205, 0.999999, 0.000896, 0.738974, 0.0, 0.0, 0.0, 1.0],
                [0.999745, 0.000752, 0.022585, -5e-06, 0.022585, 0.000588, -0.999745, 1.096635, -0.000765, 0.999999, 0.000571, 0.739393, 0.0, 0.0, 0.0, 1.0],
                [0.999918, 0.000423, 0.012817, -5e-06, 0.012817, 0.000325, -0.999918, 1.097856, -0.000427, 1.0, 0.000319, 0.739723, 0.0, 0.0, 0.0, 1.0],
                [0.999983, 0.000188, 0.00575, -5e-06, 0.00575, 0.000142, -0.999983, 1.09874, -0.000189, 1.0, 0.000141, 0.739962, 0.0, 0.0, 0.0, 1.0],
                [0.999999, 4.7e-05, 0.001452, -5e-06, 0.001452, 3.5e-05, -0.999999, 1.099278, -4.7e-05, 1.0, 3.5e-05, 0.740107, 0.0, 0.0, 0.0, 1.0],
                [1.0, 0.0, -0.0, -5e-06, -0.0, 0.0, -1.0, 1.099459, 0.0, 1.0, 0.0, 0.740156, 0.0, 0.0, 0.0, 1.0]
            ]
        },
        {
            "name": "Thigh_R",
            "time": [0.0, 0.0167, 0.0333, 0.05, 0.0667, 0.0833, 0.1, 0.1167, 0.1333, 0.15, 0.1667, 0.1833, 0.2, 0.2167, 0.2333, 0.25, 0.2667, 0.2833, 0.3, 0.3167, 0.3333, 0.35, 0.3667, 0.3833, 0.4, 0.4167, 0.4333, 0.45, 0.4667, 0.4833, 0.5, 0.5167, 0.5333, 0.55, 0.5667, 0.5833, 0.6, 0.6167, 0.6333, 0.65, 0.6667, 0.6833, 0.7, 0.7167, 0.7333, 0.75, 0.7667, 0.7833, 0.8, 0.8167, 0.8333, 0.85, 0.8667, 0.8833, 0.9, 0.9167, 0.9333, 0.95, 0.9667, 0.9833, 1.0, 1.0167, 1.0333, 1.05, 1.0667, 1.0833, 1.1, 1.1167, 1.1333, 1.15, 1.1667, 1.1833, 1.2, 1.2167, 1.2333, 1.25, 1.2667, 1.2833, 1.3, 1.3167, 1.3333, 1.35, 1.3667, 1.3833, 1.4, 1.4167, 1.4333, 1.45, 1.4667, 1.4833, 1.5, 1.5167, 1.5333, 1.55, 1.5667, 1.5833, 1.6, 1.6167, 1.6333, 1.65, 1.6667, 1.6833, 1.7, 1.7167, 1.7333],
            "transform": [
                [0.96395, 0.260371, -0.054823, 0.131864, 0.266032, -0.939149, 0.217307, 0.007781, 0.005093, -0.224058, -0.974563, 0.05408, 0.0, 0.0, 0.0, 1.0],
                [0.9727, 0.22981, 0.032257, 0.131864, 0.203237, -0.910699, 0.359609, 0.00778, 0.112019, -0.343235, -0.932546, 0.05408, 0.0, 0.0, 0.0, 1.0],
                [0.888364, 0.320034, 0.329222, 0.131864, 0.097873, -0.832556, 0.545224, 0.007781, 0.448586, -0.452135, -0.770937, 0.05408, 0.0, 0.0, 0.0, 1.0],
                [0.494827, 0.57582, 0.650827, 0.131864, 0.117992, -0.786529, 0.606175, 0.00778, 0.860943, -0.223159, -0.457139, 0.05408, 0.0, 0.0, 0.0, 1.0],
                [-0.051901, 0.692949, 0.719115, 0.131661, 0.241636, -0.689974, 0.682311, 0.008853, 0.968978, 0.209177, -0.131632, 0.054355, 0.0, 0.0, 0.0, 1.0],
                [-0.258225, 0.739846, 0.621246, 0.131137, 0.270032, -0.562148, 0.781711, 0.01162, 0.927579, 0.369613, -0.054622, 0.055065, 0.0, 0.0, 0.0, 1.0],
                [-0.218927, 0.813319, 0.539055, 0.13042, 0.278241, -0.477481, 0.833423, 0.015402, 0.935228, 0.332446, -0.121766, 0.056034, 0.0, 0.0, 0.0, 1.0],
                [-0.087354, 0.808149, 0.582462, 0.129639, 0.298662, -0.536554, 0.789247, 0.019524, 0.950353, 0.242903, -0.194493, 0.057091, 0.0, 0.0, 0.0, 1.0],
                [0.203189, 0.693946, 0.690762, 0.128922, 0.349154, -0.71045, 0.611024, 0.023306, 0.914771, 0.117028, -0.38665, 0.058061, 0.0, 0.0, 0.0, 1.0],
                [0.402022, 0.586765, 0.702911, 0.128398, 0.383695, -0.804983, 0.452524, 0.026072, 0.831357, 0.087779, -0.548761, 0.05877, 0.0, 0.0, 0.0, 1.0],
                [0.428969, 0.555596, 0.712248, 0.128195, 0.395812, -0.824364, 0.404667, 0.027145, 0.811984, 0.108326, -0.573539, 0.059045, 0.0, 0.0, 0.0, 1.0],
                [0.39115, 0.547492, 0.739766, 0.128248, 0.401736, -0.824755, 0.397976, 0.027145, 0.828015, 0.141522, -0.542551, 0.059009, 0.0, 0.0, 0.0, 1.0],
                [0.356204, 0.540559, 0.762177, 0.128405, 0.409686, -0.823445, 0.392547, 0.027145, 0.839807, 0.172426, -0.514775, 0.058902, 0.0, 0.0, 0.0, 1.0],
                [0.324236, 0.534931, 0.780204, 0.128659, 0.419334, -0.820575, 0.388346, 0.027145, 0.847956, 0.20125, -0.490376, 0.058728, 0.0, 0.0, 0.0, 1.0],
                [0.295257, 0.530651, 0.794502, 0.129005, 0.430369, -0.816299, 0.385275, 0.027144, 0.852998, 0.228173, -0.469395, 0.058491, 0.0, 0.0, 0.0, 1.0],
                [0.269215, 0.527676, 0.805655, 0.129438, 0.442497, -0.810784, 0.383175, 0.027142, 0.855406, 0.253342, -0.451772, 0.058195, 0.0, 0.0, 0.0, 1.0],
                [0.24601, 0.525914, 0.814182, 0.129951, 0.455441, -0.804211, 0.38186, 0.027138, 0.8556, 0.27687, -0.437368, 0.057844, 0.0, 0.0, 0.0, 1.0],
                [0.225509, 0.525222, 0.820541, 0.13054, 0.46894, -0.796765, 0.381126, 0.027132, 0.853956, 0.298837, -0.425977, 0.057442, 0.0, 0.0, 0.0, 1.0],
                [0.207558, 0.525433, 0.82513, 0.131198, 0.482749, -0.788647, 0.38077, 0.027124, 0.850807, 0.319298, -0.417343, 0.056992, 0.0, 0.0, 0.0, 1.0],
                [0.19199, 0.526359, 0.828303, 0.131921, 0.496633, -0.780065, 0.380594, 0.027112, 0.84646, 0.338292, -0.411173, 0.056498, 0.0, 0.0, 0.0, 1.0],
                [0.178632, 0.527802, 0.83037, 0.132702, 0.510369, -0.771232, 0.380423, 0.027098, 0.841197, 0.355838, -0.407142, 0.055964, 0.0, 0.0, 0.0, 1.0],
                [0.167313, 0.529555, 0.831612, 0.133536, 0.523744, -0.762376, 0.380096, 0.02708, 0.835283, 0.371955, -0.404908, 0.055393, 0.0, 0.0, 0.0, 1.0],
                [0.157859, 0.531403, 0.832281, 0.134417, 0.536551, -0.753727, 0.379481, 0.027058, 0.828971, 0.386656, -0.404108, 0.05479, 0.0, 0.0, 0.0, 1.0],
                [0.1501, 0.533132, 0.83261, 0.135341, 0.548591, -0.745523, 0.378473, 0.027031, 0.822507, 0.399952, -0.404376, 0.054159, 0.0, 0.0, 0.0, 1.0],
                [0.143872, 0.534523, 0.832818, 0.1363, 0.559668, -0.738004, 0.376986, 0.027, 0.816132, 0.411863, -0.405335, 0.053503, 0.0, 0.0, 0.0, 1.0],
                [0.139013, 0.535352, 0.83311, 0.13729, 0.569591, -0.731414, 0.374963, 0.026963, 0.810087, 0.422406, -0.40661, 0.052825, 0.0, 0.0, 0.0, 1.0],
                [0.135367, 0.535388, 0.833687, 0.138305, 0.57817, -0.725996, 0.372353, 0.02692, 0.804609, 0.431607, -0.407822, 0.052131, 0.0, 0.0, 0.0, 1.0],
                [0.132776, 0.534394, 0.834741, 0.13934, 0.585211, -0.72199, 0.369129, 0.026872, 0.799936, 0.439488, -0.408597, 0.051423, 0.0, 0.0, 0.0, 1.0],
                [0.131084, 0.532118, 0.836461, 0.140389, 0.590522, -0.719631, 0.365256, 0.026817, 0.796304, 0.446068, -0.40856, 0.050706, 0.0, 0.0, 0.0, 1.0],
                [0.130131, 0.528293, 0.83903, 0.141446, 0.593901, -0.719149, 0.3607, 0.026755, 0.793944, 0.451361, -0.407339, 0.049983, 0.0, 0.0, 0.0, 1.0],
                [0.129584, 0.523244, 0.842272, 0.142506, 0.595877, -0.720037, 0.355634, 0.026686, 0.792551, 0.455806, -0.405096, 0.049258, 0.0, 0.0, 0.0, 1.0],
                [0.129241, 0.517535, 0.845845, 0.143563, 0.597128, -0.721618, 0.35029, 0.026608, 0.791665, 0.459805, -0.402299, 0.048535, 0.0, 0.0, 0.0, 1.0],
                [0.129132, 0.511252, 0.849674, 0.144611, 0.597668, -0.723853, 0.344714, 0.026523, 0.791276, 0.463308, -0.399032, 0.047817, 0.0, 0.0, 0.0, 1.0],
                [0.129288, 0.504481, 0.853688, 0.145646, 0.597508, -0.726701, 0.33895, 0.026429, 0.791371, 0.466262, -0.395386, 0.047109, 0.0, 0.0, 0.0, 1.0],
                [0.129737, 0.497311, 0.857817, 0.146661, 0.596661, -0.730121, 0.333042, 0.026327, 0.791936, 0.468617, -0.391451, 0.046414, 0.0, 0.0, 0.0, 1.0],
                [0.130504, 0.489831, 0.861994, 0.147651, 0.595138, -0.734068, 0.327036, 0.026215, 0.792956, 0.470325, -0.387317, 0.045737, 0.0, 0.0, 0.0, 1.0],
                [0.131613, 0.482135, 0.866154, 0.148611, 0.592949, -0.738499, 0.32098, 0.026093, 0.794411, 0.471339, -0.383079, 0.04508, 0.0, 0.0, 0.0, 1.0],
                [0.133089, 0.474313, 0.870238, 0.149534, 0.590103, -0.743371, 0.314921, 0.025961, 0.796282, 0.471617, -0.378829, 0.044448, 0.0, 0.0, 0.0, 1.0],
                [0.134953, 0.466459, 0.874187, 0.150416, 0.586611, -0.748638, 0.308911, 0.025818, 0.798545, 0.471118, -0.374662, 0.043845, 0.0, 0.0, 0.0, 1.0],
                [0.137228, 0.458664, 0.87795, 0.151249, 0.582482, -0.754257, 0.303, 0.025664, 0.801176, 0.469809, -0.370669, 0.043274, 0.0, 0.0, 0.0, 1.0],
                [0.139936, 0.451017, 0.881477, 0.15203, 0.577725, -0.760183, 0.297242, 0.025499, 0.804146, 0.467656, -0.366942, 0.042739, 0.0, 0.0, 0.0, 1.0],
                [0.143101, 0.443606, 0.884723, 0.152753, 0.572351, -0.766373, 0.29169, 0.025322, 0.807425, 0.46463, -0.363568, 0.042244, 0.0, 0.0, 0.0, 1.0],
                [0.146746, 0.436518, 0.887647, 0.153411, 0.566372, -0.772784, 0.286401, 0.025133, 0.81098, 0.460709, -0.360635, 0.041792, 0.0, 0.0, 0.0, 1.0],
                [0.150896, 0.429831, 0.890211, 0.154, 0.559797, -0.779374, 0.281427, 0.024932, 0.814774, 0.45587, -0.358223, 0.041389, 0.0, 0.0, 0.0, 1.0],
                [0.155579, 0.423622, 0.892379, 0.154513, 0.55264, -0.786101, 0.276824, 0.024717, 0.81877, 0.450095, -0.356412, 0.041036, 0.0, 0.0, 0.0, 1.0],
                [0.160824, 0.417958, 0.894118, 0.154946, 0.544915, -0.792925, 0.272644, 0.024489, 0.822923, 0.44337, -0.355274, 0.040739, 0.0, 0.0, 0.0, 1.0],
                [0.166664, 0.412902, 0.895397, 0.155292, 0.536637, -0.799807, 0.268936, 0.024247, 0.82719, 0.43568, -0.354878, 0.040501, 0.0, 0.0, 0.0, 1.0],
                [0.173135, 0.408507, 0.896184, 0.155546, 0.527823, -0.806708, 0.265751, 0.023991, 0.831521, 0.427014, -0.355289, 0.040326, 0.0, 0.0, 0.0, 1.0],
                [0.180278, 0.404818, 0.896449, 0.155703, 0.51849, -0.813589, 0.263132, 0.02372, 0.835863, 0.417363, -0.356567, 0.040217, 0.0, 0.0, 0.0, 1.0],
                [0.188137, 0.401872, 0.89616, 0.155756, 0.508661, -0.820413, 0.261119, 0.023434, 0.84016, 0.406714, -0.358768, 0.040179, 0.0, 0.0, 0.0, 1.0],
                [0.195919, 0.399415, 0.895591, 0.155735, 0.49805, -0.827255, 0.259987, 0.023129, 0.844726, 0.395112, -0.361004, 0.04021, 0.0, 0.0, 0.0, 1.0],
                [0.20295, 0.397218, 0.895002, 0.155671, 0.486419, -0.834168, 0.25992, 0.022804, 0.849828, 0.382594, -0.36251, 0.040304, 0.0, 0.0, 0.0, 1.0],
                [0.209436, 0.395298, 0.894358, 0.155567, 0.473825, -0.841111, 0.260807, 0.02246, 0.855352, 0.369146, -0.363462, 0.040458, 0.0, 0.0, 0.0, 1.0],
                [0.215558, 0.393629, 0.893639, 0.155424, 0.460294, -0.848061, 0.262525, 0.022096, 0.861199, 0.354746, -0.363992, 0.040671, 0.0, 0.0, 0.0, 1.0],
                [0.22148, 0.392159, 0.892837, 0.155244, 0.44583, -0.855005, 0.264949, 0.021715, 0.867284, 0.339371, -0.364204, 0.04094, 0.0, 0.0, 0.0, 1.0],
                [0.227364, 0.390818, 0.891946, 0.155028, 0.430424, -0.861936, 0.267951, 0.021317, 0.873522, 0.322992, -0.364191, 0.041263, 0.0, 0.0, 0.0, 1.0],
                [0.233377, 0.389539, 0.890952, 0.154778, 0.414062, -0.868841, 0.271413, 0.020903, 0.879822, 0.305567, -0.364061, 0.041637, 0.0, 0.0, 0.0, 1.0],
                [0.2397, 0.38826, 0.889831, 0.154495, 0.396733, -0.875701, 0.275225, 0.020474, 0.886085, 0.287053, -0.363942, 0.042059, 0.0, 0.0, 0.0, 1.0],
                [0.246539, 0.386951, 0.888531, 0.154182, 0.378441, -0.882477, 0.279311, 0.020032, 0.892189, 0.267395, -0.364004, 0.042528, 0.0, 0.0, 0.0, 1.0],
                [0.254121, 0.385616, 0.886974, 0.153839, 0.359211, -0.889111, 0.283631, 0.019577, 0.897992, 0.246533, -0.36446, 0.043041, 0.0, 0.0, 0.0, 1.0],
                [0.262697, 0.384315, 0.885039, 0.153468, 0.3391, -0.895512, 0.288213, 0.01911, 0.903328, 0.224403, -0.36557, 0.043596, 0.0, 0.0, 0.0, 1.0],
                [0.27253, 0.38317, 0.882557, 0.153071, 0.318201, -0.901555, 0.29316, 0.018632, 0.908006, 0.200935, -0.367627, 0.04419, 0.0, 0.0, 0.0, 1.0],
                [0.283887, 0.382374, 0.879317, 0.15265, 0.296648, -0.907078, 0.298675, 0.018144, 0.911815, 0.176057, -0.370939, 0.044821, 0.0, 0.0, 0.0, 1.0],
                [0.297013, 0.382175, 0.875057, 0.152205, 0.274612, -0.911882, 0.305051, 0.017648, 0.914533, 0.149697, -0.375792, 0.045487, 0.0, 0.0, 0.0, 1.0],
                [0.312115, 0.382843, 0.869491, 0.15174, 0.252297, -0.915748, 0.312647, 0.017143, 0.915931, 0.121788, -0.38241, 0.046185, 0.0, 0.0, 0.0, 1.0],
                [0.329333, 0.38387, 0.862661, 0.151254, 0.229871, -0.918734, 0.321067, 0.016631, 0.915805, 0.092562, -0.390811, 0.046912, 0.0, 0.0, 0.0, 1.0],
                [0.348734, 0.384181, 0.854863, 0.15075, 0.207601, -0.921129, 0.329274, 0.016114, 0.91394, 0.062641, -0.400986, 0.047667, 0.0, 0.0, 0.0, 1.0],
                [0.370299, 0.383276, 0.846155, 0.15023, 0.185853, -0.923058, 0.336778, 0.015591, 0.91013, 0.032552, -0.413042, 0.048448, 0.0, 0.0, 0.0, 1.0],
                [0.393919, 0.38081, 0.836547, 0.149694, 0.164973, -0.924647, 0.343232, 0.015065, 0.904218, 0.002802, -0.427061, 0.04925, 0.0, 0.0, 0.0, 1.0],
                [0.419398, 0.376591, 0.826006, 0.149145, 0.145269, -0.926009, 0.348427, 0.014535, 0.896104, -0.026137, -0.443074, 0.050073, 0.0, 0.0, 0.0, 1.0],
                [0.446462, 0.370577, 0.81446, 0.148584, 0.126999, -0.927238, 0.352275, 0.014004, 0.885744, -0.053842, -0.46104, 0.050914, 0.0, 0.0, 0.0, 1.0],
                [0.474785, 0.362848, 0.801823, 0.148012, 0.110372, -0.92841, 0.35478, 0.013471, 0.873153, -0.079945, -0.480845, 0.05177, 0.0, 0.0, 0.0, 1.0],
                [0.504003, 0.353577, 0.788013, 0.147432, 0.095545, -0.929589, 0.355994, 0.012939, 0.858401, -0.104131, -0.502299, 0.05264, 0.0, 0.0, 0.0, 1.0],
                [0.53374, 0.342997, 0.772965, 0.146845, 0.082623, -0.930826, 0.355997, 0.012407, 0.841602, -0.126145, -0.52516, 0.05352, 0.0, 0.0, 0.0, 1.0],
                [0.563629, 0.331378, 0.756644, 0.146252, 0.071666, -0.932165, 0.354865, 0.011877, 0.822913, -0.145786, -0.549145, 0.054409, 0.0, 0.0, 0.0, 1.0],
                [0.593285, 0.319009, 0.739085, 0.145655, 0.062694, -0.933647, 0.352662, 0.01135, 0.802548, -0.162893, -0.573919, 0.055303, 0.0, 0.0, 0.0, 1.0],
                [0.622241, 0.306216, 0.72045, 0.145056, 0.055695, -0.935302, 0.349434, 0.010827, 0.780842, -0.177306, -0.599039, 0.056202, 0.0, 0.0, 0.0, 1.0],
                [0.650098, 0.293326, 0.700951, 0.144456, 0.050653, -0.937161, 0.345196, 0.010309, 0.758159, -0.188906, -0.624106, 0.057101, 0.0, 0.0, 0.0, 1.0],
                [0.676543, 0.280653, 0.680825, 0.143857, 0.047547, -0.939245, 0.339933, 0.009797, 0.734866, -0.197608, -0.648785, 0.057999, 0.0, 0.0, 0.0, 1.0],
                [0.701334, 0.268495, 0.660334, 0.14326, 0.046352, -0.941566, 0.333617, 0.009291, 0.711324, -0.203369, -0.672799, 0.058894, 0.0, 0.0, 0.0, 1.0],
                [0.724293, 0.257122, 0.639756, 0.142667, 0.047037, -0.944129, 0.326199, 0.008793, 0.687886, -0.206171, -0.695922, 0.059783, 0.0, 0.0, 0.0, 1.0],
                [0.745292, 0.246775, 0.619388, 0.14208, 0.049564, -0.946916, 0.317631, 0.008304, 0.664893, -0.206029, -0.717962, 0.060663, 0.0, 0.0, 0.0, 1.0],
                [0.764245, 0.237657, 0.59954, 0.1415, 0.053881, -0.949904, 0.307858, 0.007825, 0.642671, -0.202974, -0.738766, 0.061533, 0.0, 0.0, 0.0, 1.0],
                [0.781095, 0.229928, 0.580537, 0.140929, 0.059929, -0.953045, 0.296832, 0.007357, 0.621529, -0.197063, -0.758201, 0.06239, 0.0, 0.0, 0.0, 1.0],
                [0.795811, 0.223695, 0.562713, 0.140368, 0.067631, -0.956284, 0.284506, 0.0069, 0.601757, -0.188356, -0.776151, 0.063231, 0.0, 0.0, 0.0, 1.0],
                [0.808374, 0.219008, 0.546412, 0.139818, 0.076894, -0.959547, 0.27084, 0.006456, 0.583625, -0.176924, -0.792515, 0.064054, 0.0, 0.0, 0.0, 1.0],
                [0.818781, 0.215846, 0.531985, 0.139283, 0.087606, -0.962753, 0.255791, 0.006026, 0.567382, -0.162832, -0.807195, 0.064858, 0.0, 0.0, 0.0, 1.0],
                [0.827031, 0.21411, 0.519784, 0.138762, 0.099632, -0.965815, 0.239314, 0.00561, 0.553255, -0.146133, -0.820094, 0.065638, 0.0, 0.0, 0.0, 1.0],
                [0.833132, 0.213608, 0.510159, 0.138258, 0.112817, -0.968646, 0.221344, 0.00521, 0.541446, -0.126854, -0.83111, 0.066394, 0.0, 0.0, 0.0, 1.0],
                [0.83709, 0.214047, 0.503452, 0.137773, 0.126976, -0.971164, 0.201777, 0.004827, 0.532125, -0.10498, -0.840133, 0.067122, 0.0, 0.0, 0.0, 1.0],
                [0.838929, 0.215678, 0.499681, 0.137307, 0.141976, -0.973061, 0.181638, 0.004461, 0.525396, -0.081439, -0.846952, 0.067821, 0.0, 0.0, 0.0, 1.0],
                [0.838682, 0.218813, 0.498731, 0.136862, 0.157698, -0.974077, 0.162178, 0.004114, 0.52129, -0.057367, -0.851449, 0.068488, 0.0, 0.0, 0.0, 1.0],
                [0.836394, 0.223129, 0.500658, 0.136441, 0.173944, -0.974228, 0.143598, 0.003786, 0.519796, -0.033018, -0.853652, 0.069119, 0.0, 0.0, 0.0, 1.0],
                [0.832135, 0.228279, 0.50541, 0.136044, 0.190492, -0.973556, 0.126091, 0.003479, 0.520829, -0.008648, -0.853617, 0.069715, 0.0, 0.0, 0.0, 1.0],
                [0.826018, 0.2339, 0.51282, 0.135673, 0.207092, -0.972136, 0.109827, 0.003193, 0.52422, 0.015481, -0.851443, 0.070271, 0.0, 0.0, 0.0, 1.0],
                [0.818213, 0.239637, 0.522591, 0.13533, 0.223468, -0.970074, 0.094953, 0.002931, 0.529707, 0.039091, -0.84728, 0.070785, 0.0, 0.0, 0.0, 1.0],
                [0.808966, 0.245156, 0.534296, 0.135017, 0.239323, -0.967505, 0.081576, 0.002691, 0.536934, 0.061877, -0.841352, 0.071255, 0.0, 0.0, 0.0, 1.0],
                [0.798617, 0.250171, 0.54738, 0.134734, 0.254345, -0.964592, 0.069767, 0.002476, 0.545453, 0.083506, -0.833971, 0.071679, 0.0, 0.0, 0.0, 1.0],
                [0.78761, 0.254458, 0.561179, 0.134484, 0.268217, -0.961515, 0.059544, 0.002286, 0.554734, 0.103619, -0.82555, 0.072054, 0.0, 0.0, 0.0, 1.0],
                [0.776493, 0.257885, 0.574937, 0.134268, 0.280629, -0.958464, 0.050905, 0.002124, 0.564185, 0.121816, -0.816613, 0.072378, 0.0, 0.0, 0.0, 1.0],
                [0.765908, 0.260418, 0.58785, 0.134088, 0.29129, -0.955628, 0.043824, 0.001988, 0.57318, 0.137669, -0.807782, 0.072648, 0.0, 0.0, 0.0, 1.0],
                [0.756553, 0.262118, 0.5991, 0.133945, 0.299937, -0.953189, 0.038275, 0.001881, 0.581089, 0.150735, -0.799759, 0.072862, 0.0, 0.0, 0.0, 1.0],
                [0.749141, 0.263131, 0.607907, 0.133841, 0.30634, -0.951304, 0.034259, 0.001803, 0.587319, 0.160561, -0.79327, 0.073018, 0.0, 0.0, 0.0, 1.0],
                [0.744326, 0.263631, 0.613577, 0.133777, 0.310302, -0.950104, 0.031799, 0.001756, 0.591346, 0.166725, -0.788994, 0.073114, 0.0, 0.0, 0.0, 1.0],
                [0.742637, 0.263774, 0.61556, 0.133756, 0.311655, -0.949689, 0.03096, 0.00174, 0.592757, 0.16885, -0.787482, 0.073146, 0.0, 0.0, 0.0, 1.0]
            ]
        },
        {
            "name": "Leg_R",
            "time": [0.0, 0.0167, 0.0333, 0.05, 0.0667, 0.0833, 0.1, 0.1167, 0.1333, 0.15, 0.1667, 0.1833, 0.2, 0.2167, 0.2333, 0.25, 0.2667, 0.2833, 0.3, 0.3167, 0.3333, 0.35, 0.3667, 0.3833, 0.4, 0.4167, 0.4333, 0.45, 0.4667, 0.4833, 0.5, 0.5167, 0.5333, 0.55, 0.5667, 0.5833, 0.6, 0.6167, 0.6333, 0.65, 0.6667, 0.6833, 0.7, 0.7167, 0.7333, 0.75, 0.7667, 0.7833, 0.8, 0.8167, 0.8333, 0.85, 0.8667, 0.8833, 0.9, 0.9167, 0.9333, 0.95, 0.9667, 0.9833, 1.0, 1.0167, 1.0333, 1.05, 1.0667, 1.0833, 1.1, 1.1167, 1.1333, 1.15, 1.1667, 1.1833, 1.2, 1.2167, 1.2333, 1.25, 1.2667, 1.2833, 1.3, 1.3167, 1.3333, 1.35, 1.3667, 1.3833, 1.4, 1.4167, 1.4333, 1.45, 1.4667, 1.4833, 1.5, 1.5167, 1.5333, 1.55, 1.5667, 1.5833, 1.6, 1.6167, 1.6333, 1.65, 1.6667, 1.6833, 1.7, 1.7167, 1.7333],
            "transform": [
                [1.0, -1e-06, 1e-06, 0.0, -0.0, 0.613229, 0.789906, 0.374726, -1e-06, -0.789907, 0.613225, 0.0, 0.0, 0.0, 0.0, 1.0],
                [1.0, -1e-06, 1e-06, 0.0, -0.0, 0.443707, 0.896171, 0.374726, -1e-06, -0.896173, 0.443705, 0.0, 0.0, 0.0, 0.0, 1.0],
                [1.0, -1e-06, 0.0, 0.0, -0.0, 0.245071, 0.969504, 0.374726, -1e-06, -0.969506, 0.24507, -0.0, 0.0, 0.0, 0.0, 1.0],
                [1.0, -1e-06, 0.0, -0.0, -0.0, 0.20835, 0.978054, 0.374726, -1e-06, -0.978055, 0.208348, -0.0, 0.0, 0.0, 0.0, 1.0],
                [1.0, -1e-06, 0.0, 0.0, -0.0, 0.207783, 0.978174, 0.374726, -1e-06, -0.978176, 0.207781, -0.0, 0.0, 0.0, 0.0, 1.0],
                [1.000001, -1e-06, 0.0, 0.0, -0.0, 0.201486, 0.979491, 0.374726, -1e-06, -0.979492, 0.201484, 0.0, 0.0, 0.0, 0.0, 1.0],
                [1.0, -1e-06, 0.0, -0.0, -0.0, 0.181798, 0.983335, 0.374726, -1e-06, -0.983337, 0.181797, 0.0, 0.0, 0.0, 0.0, 1.0],
                [1.0, -1e-06, 1e-06, -0.0, -0.0, 0.334554, 0.942376, 0.374726, -1e-06, -0.942378, 0.334552, 0.0, 0.0, 0.0, 0.0, 1.0],
                [1.0, -1e-06, 1e-06, 0.0, -0.0, 0.643489, 0.765457, 0.374726, -1e-06, -0.765458, 0.643484, 0.0, 0.0, 0.0, 0.0, 1.0],
                [1.0, -0.0, 1e-06, 0.0, -0.0, 0.824775, 0.565464, 0.374726, -1e-06, -0.565465, 0.824771, 0.0, 0.0, 0.0, 0.0, 1.0],
                [1.0, -0.0, 1e-06, 0.0, -0.0, 0.866476, 0.499223, 0.374726, -1e-06, -0.499224, 0.866471, -0.0, 0.0, 0.0, 0.0, 1.0],
                [1.0, -0.0, 1e-06, -0.0, -0.0, 0.867908, 0.496728, 0.374726, -1e-06, -0.496729, 0.867903, -0.0, 0.0, 0.0, 0.0, 1.0],
                [1.0, -0.0, 1e-06, -0.0, -0.0, 0.868115, 0.496368, 0.374726, -1e-06, -0.496369, 0.868109, 0.0, 0.0, 0.0, 0.0, 1.0],
                [1.0, -0.0, 1e-06, 0.0, -0.0, 0.867179, 0.497999, 0.374726, -1e-06, -0.498, 0.867175, -0.0, 0.0, 0.0, 0.0, 1.0],
                [1.0, -0.0, 1e-06, -0.0, -0.0, 0.865199, 0.501432, 0.374726, -1e-06, -0.501433, 0.865194, -0.0, 0.0, 0.0, 0.0, 1.0],
                [1.0, -0.0, 1e-06, -0.0, -0.0, 0.862289, 0.506422, 0.374726, -1e-06, -0.506423, 0.862283, -0.0, 0.0, 0.0, 0.0, 1.0],
                [1.0, -0.0, 1e-06, 0.0, -0.0, 0.858566, 0.512706, 0.374726, -1e-06, -0.512707, 0.858561, 0.0, 0.0, 0.0, 0.0, 1.0],
                [1.0, -0.0, 1e-06, 0.0, -0.0, 0.854165, 0.520006, 0.374726, -1e-06, -0.520007, 0.85416, 0.0, 0.0, 0.0, 0.0, 1.0],
                [1.0, -0.0, 1e-06, 0.0, -0.0, 0.849218, 0.528046, 0.374726, -1e-06, -0.528048, 0.849212, -0.0, 0.0, 0.0, 0.0, 1.0],
                [1.0, -0.0, 1e-06, 0.0, -0.0, 0.843866, 0.536557, 0.374726, -1e-06, -0.536558, 0.843861, -0.0, 0.0, 0.0, 0.0, 1.0],
                [1.0, -0.0, 1e-06, -0.0, -0.0, 0.838251, 0.545287, 0.374726, -1e-06, -0.545289, 0.838246, -0.0, 0.0, 0.0, 0.0, 1.0],
                [1.0, -1e-06, 1e-06, -0.0, -0.0, 0.832523, 0.553994, 0.374726, -1e-06, -0.553995, 0.832517, -0.0, 0.0, 0.0, 0.0, 1.0],
                [1.0, -0.0, 1e-06, 0.0, -0.0, 0.82683, 0.562455, 0.374726, -1e-06, -0.562456, 0.826825, 0.0, 0.0, 0.0, 0.0, 1.0],
                [1.0, -0.0, 1e-06, -0.0, -0.0, 0.821325, 0.570464, 0.374726, -1e-06, -0.570465, 0.821319, -0.0, 0.0, 0.0, 0.0, 1.0],
                [1.0, -0.0, 1e-06, -0.0, -0.0, 0.816164, 0.577823, 0.374726, -1e-06, -0.577825, 0.816159, -0.0, 0.0, 0.0, 0.0, 1.0],
                [1.0, -0.0, 1e-06, -0.0, -0.0, 0.811504, 0.584351, 0.374726, -1e-06, -0.584352, 0.811498, 0.0, 0.0, 0.0, 0.0, 1.0],
                [1.0, -0.0, 1e-06, -0.0, -0.0, 0.807512, 0.589853, 0.374726, -1e-06, -0.589854, 0.807508, 0.0, 0.0, 0.0, 0.0, 1.0],
                [1.0, -0.0, 1e-06, 0.0, -0.0, 0.804354, 0.594154, 0.374726, -1e-06, -0.594155, 0.804349, 0.0, 0.0, 0.0, 0.0, 1.0],
                [1.000001, -0.0, 1e-06, 0.0, -0.0, 0.802204, 0.597053, 0.374726, -1e-06, -0.597055, 0.802198, -0.0, 0.0, 0.0, 0.0, 1.0],
                [1.0, -1e-06, 1e-06, 0.0, -0.0, 0.801244, 0.598341, 0.374726, -1e-06, -0.598342, 0.801239, -0.0, 0.0, 0.0, 0.0, 1.0],
                [1.0, -1e-06, 1e-06, -0.0, -0.0, 0.801031, 0.598626, 0.374726, -1e-06, -0.598627, 0.801026, -0.0, 0.0, 0.0, 0.0, 1.0],
